==== degree ===
0.00272294077604
0.00340367597005
0.00068073519401
0.00408441116406
0.00953029271613
0.00612661674609
0.00068073519401
0.00068073519401
0.00272294077604
0.00272294077604
0.00204220558203
0.00068073519401
0.00136147038802
0.00884955752212
0.0136147038802
0.00136147038802
0.00408441116406
0.00068073519401
0.00340367597005
0.00068073519401
0.0102110279101
0.0108917631042
0.0074880871341
0.00272294077604
0.00068073519401
0.0340367597005
0.00068073519401
0.00544588155208
0.0074880871341
0.00884955752212
0.00544588155208
0.00136147038802
0.00136147038802
0.00068073519401
0.00068073519401
0.00068073519401
0.00272294077604
0.0102110279101
0.00612661674609
0.00544588155208
0.00408441116406
0.00204220558203
0.00068073519401
0.00476514635807
0.00204220558203
0.00544588155208
0.00068073519401
0.00884955752212
0.0074880871341
0.00204220558203
0.00612661674609
0.00136147038802
0.0789652825051
0.00612661674609
0.00136147038802
0.00884955752212
0.00068073519401
0.00136147038802
0.00476514635807
0.00068073519401
0.00068073519401
0.0108917631042
0.0163376446562
0.00272294077604
0.00136147038802
0.0122532334922
0.00340367597005
0.00953029271613
0.00136147038802
0.00136147038802
0.00136147038802
0.00408441116406
0.00068073519401
0.00340367597005
0.00544588155208
0.0326752893125
0.00136147038802
0.0129339686862
0.00272294077604
0.00204220558203
0.00272294077604
0.00612661674609
0.00816882232811
0.00136147038802
0.00476514635807
0.00068073519401
0.00340367597005
0.00136147038802
0.00204220558203
0.00884955752212
0.0190605854323
0.00272294077604
0.00068073519401
0.00204220558203
0.00612661674609
0.0183798502383
0.0108917631042
0.00544588155208
0.00068073519401
0.00340367597005
0.00136147038802
0.00204220558203
0.0299523485364
0.0176991150442
0.0074880871341
0.00544588155208
0.0102110279101
0.00068073519401
0.0197413206263
0.0068073519401
0.00068073519401
0.00340367597005
0.0115724982982
0.00136147038802
0.00953029271613
0.00068073519401
0.00476514635807
0.00272294077604
0.00340367597005
0.00340367597005
0.00068073519401
0.00204220558203
0.00136147038802
0.00068073519401
0.00068073519401
0.00340367597005
0.00340367597005
0.00612661674609
0.00068073519401
0.0129339686862
0.00953029271613
0.0068073519401
0.00068073519401
0.00136147038802
0.00204220558203
0.0333560245065
0.00340367597005
0.00884955752212
0.00408441116406
0.00204220558203
0.00068073519401
0.00272294077604
0.00816882232811
0.00884955752212
0.00204220558203
0.00272294077604
0.00953029271613
0.00884955752212
0.0136147038802
0.00408441116406
0.00068073519401
0.00136147038802
0.00272294077604
0.0149761742682
0.00340367597005
0.0170183798502
0.00340367597005
0.00068073519401
0.00272294077604
0.0102110279101
0.0068073519401
0.00408441116406
0.00068073519401
0.00816882232811
0.0108917631042
0.00272294077604
0.00136147038802
0.00204220558203
0.00068073519401
0.0401633764466
0.00136147038802
0.0156569094622
0.00068073519401
0.00340367597005
0.00408441116406
0.00068073519401
0.00068073519401
0.00136147038802
0.00272294077604
0.0102110279101
0.00476514635807
0.00612661674609
0.00136147038802
0.00068073519401
0.00612661674609
0.0074880871341
0.0142954390742
0.00204220558203
0.00408441116406
0.00204220558203
0.00204220558203
0.0142954390742
0.00884955752212
0.0122532334922
0.00068073519401
0.00068073519401
0.00340367597005
0.0245064669843
0.00272294077604
0.0251872021784
0.150442477876
0.00068073519401
0.0238257317903
0.00204220558203
0.00136147038802
0.00408441116406
0.00068073519401
0.00408441116406
0.00408441116406
0.00272294077604
0.00884955752212
0.00340367597005
0.0068073519401
0.00272294077604
0.00068073519401
0.00612661674609
0.0068073519401
0.0074880871341
0.00612661674609
0.00408441116406
0.00068073519401
0.00408441116406
0.00136147038802
0.00408441116406
0.00068073519401
0.0102110279101
0.0102110279101
0.00068073519401
0.00204220558203
0.0102110279101
0.00340367597005
0.00816882232811
0.0115724982982
0.00068073519401
0.00068073519401
0.00408441116406
0.00068073519401
0.00068073519401
0.00884955752212
0.00476514635807
0.00068073519401
0.00068073519401
0.00068073519401
0.00612661674609
0.00612661674609
0.00068073519401
0.0068073519401
0.0122532334922
0.00068073519401
0.00136147038802
0.00272294077604
0.0074880871341
0.00408441116406
0.00204220558203
0.00136147038802
0.00136147038802
0.00340367597005
0.00340367597005
0.00068073519401
0.00136147038802
0.0122532334922
0.00340367597005
0.00476514635807
0.00068073519401
0.00544588155208
0.00068073519401
0.00816882232811
0.00408441116406
0.0136147038802
0.00068073519401
0.00068073519401
0.00816882232811
0.00272294077604
0.00068073519401
0.00068073519401
0.0074880871341
0.00068073519401
0.00068073519401
0.0251872021784
0.00204220558203
0.00068073519401
0.00816882232811
0.0129339686862
0.00136147038802
0.00340367597005
0.00068073519401
0.00204220558203
0.0394826412526
0.00068073519401
0.00068073519401
0.00272294077604
0.00204220558203
0.0149761742682
0.00272294077604
0.00136147038802
0.0415248468346
0.00612661674609
0.00204220558203
0.00068073519401
0.00068073519401
0.00136147038802
0.0401633764466
0.00408441116406
0.00068073519401
0.106875425459
0.00068073519401
0.00408441116406
0.00476514635807
0.00136147038802
0.00136147038802
0.00136147038802
0.0115724982982
0.00068073519401
0.00068073519401
0.0102110279101
0.00544588155208
0.00204220558203
0.0074880871341
0.00544588155208
0.00136147038802
0.0136147038802
0.0136147038802
0.00136147038802
0.00272294077604
0.00884955752212
0.00136147038802
0.0142954390742
0.00544588155208
0.00204220558203
0.00068073519401
0.00068073519401
0.00476514635807
0.00204220558203
0.00136147038802
0.00136147038802
0.0074880871341
0.00408441116406
0.00068073519401
0.00068073519401
0.00136147038802
0.00272294077604
0.00068073519401
0.0238257317903
0.00068073519401
0.00204220558203
0.00204220558203
0.00408441116406
0.0068073519401
0.0503744043567
0.00544588155208
0.00884955752212
0.00068073519401
0.00272294077604
0.00884955752212
0.00068073519401
0.0639891082369
0.00068073519401
0.00408441116406
0.0074880871341
0.0435670524166
0.00068073519401
0.00204220558203
0.00612661674609
0.00068073519401
0.00476514635807
0.00068073519401
0.00340367597005
0.0068073519401
0.00068073519401
0.00136147038802
0.00953029271613
0.0074880871341
0.0074880871341
0.0136147038802
0.00476514635807
0.00068073519401
0.00612661674609
0.00476514635807
0.0299523485364
0.00204220558203
0.00816882232811
0.00476514635807
0.00816882232811
0.00272294077604
0.00204220558203
0.00544588155208
0.0102110279101
0.00068073519401
0.00068073519401
0.00068073519401
0.0231449965963
0.00544588155208
0.00953029271613
0.00136147038802
0.00136147038802
0.00136147038802
0.00408441116406
0.00136147038802
0.00068073519401
0.0102110279101
0.00068073519401
0.00272294077604
0.00884955752212
0.00136147038802
0.00136147038802
0.00068073519401
0.00816882232811
0.00272294077604
0.00884955752212
0.00272294077604
0.00136147038802
0.0667120490129
0.00068073519401
0.00068073519401
0.00272294077604
0.0074880871341
0.00204220558203
0.00340367597005
0.00544588155208
0.00544588155208
0.00272294077604
0.00068073519401
0.00544588155208
0.00068073519401
0.00068073519401
0.00816882232811
0.00068073519401
0.00272294077604
0.0115724982982
0.00136147038802
0.00068073519401
0.00544588155208
0.00544588155208
0.00884955752212
0.0156569094622
0.0068073519401
0.00204220558203
0.0142954390742
0.0102110279101
0.00544588155208
0.00340367597005
0.00272294077604
0.00272294077604
0.00408441116406
0.00068073519401
0.00476514635807
0.00816882232811
0.00340367597005
0.00068073519401
0.00884955752212
0.00612661674609
0.00340367597005
0.00068073519401
0.00884955752212
0.0136147038802
0.00408441116406
0.00884955752212
0.00272294077604
0.0068073519401
0.00068073519401
0.00204220558203
0.00136147038802
0.00612661674609
0.00204220558203
0.00272294077604
0.00068073519401
0.00136147038802
0.00068073519401
0.0068073519401
0.0068073519401
0.00204220558203
0.00272294077604
0.00884955752212
0.00612661674609
0.00544588155208
0.00272294077604
0.00068073519401
0.0142954390742
0.00136147038802
0.00408441116406
0.0102110279101
0.0108917631042
0.00204220558203
0.00408441116406
0.0190605854323
0.00272294077604
0.00204220558203
0.0115724982982
0.00408441116406
0.00068073519401
0.0176991150442
0.0129339686862
0.00204220558203
0.00408441116406
0.0149761742682
0.00068073519401
0.00068073519401
0.00068073519401
0.00136147038802
0.00476514635807
0.00340367597005
0.0108917631042
0.00476514635807
0.00136147038802
0.00340367597005
0.00068073519401
0.00544588155208
0.0149761742682
0.00272294077604
0.0142954390742
0.0251872021784
0.0442477876106
0.0068073519401
0.0190605854323
0.00136147038802
0.00068073519401
0.00136147038802
0.00068073519401
0.00408441116406
0.0115724982982
0.00272294077604
0.00476514635807
0.00204220558203
0.00612661674609
0.00068073519401
0.00408441116406
0.00340367597005
0.00408441116406
0.0068073519401
0.00340367597005
0.0149761742682
0.00068073519401
0.00204220558203
0.0142954390742
0.00612661674609
0.0074880871341
0.00136147038802
0.0673927842069
0.00476514635807
0.00476514635807
0.00272294077604
0.00204220558203
0.00068073519401
0.00204220558203
0.00136147038802
0.00068073519401
0.0156569094622
0.00068073519401
0.0102110279101
0.00340367597005
0.0136147038802
0.0204220558203
0.00068073519401
0.00068073519401
0.0163376446562
0.00136147038802
0.0068073519401
0.0129339686862
0.00068073519401
0.00068073519401
0.00340367597005
0.00136147038802
0.00136147038802
0.00272294077604
0.00340367597005
0.00068073519401
0.00136147038802
0.00544588155208
0.00884955752212
0.00476514635807
0.00136147038802
0.0176991150442
0.00272294077604
0.0142954390742
0.00068073519401
0.00272294077604
0.00408441116406
0.00953029271613
0.00136147038802
0.00612661674609
0.00068073519401
0.00340367597005
0.00544588155208
0.0360789652825
0.00272294077604
0.00884955752212
0.00340367597005
0.00068073519401
0.00068073519401
0.0183798502383
0.0176991150442
0.00408441116406
0.00272294077604
0.00340367597005
0.00136147038802
0.00816882232811
0.00544588155208
0.00136147038802
0.00136147038802
0.00204220558203
0.00408441116406
0.0142954390742
0.0136147038802
0.00884955752212
0.0204220558203
0.00884955752212
0.00476514635807
0.00204220558203
0.00953029271613
0.00544588155208
0.00068073519401
0.0136147038802
0.00816882232811
0.00068073519401
0.00136147038802
0.00136147038802
0.00340367597005
0.00612661674609
0.0068073519401
0.0149761742682
0.0068073519401
0.00136147038802
0.0142954390742
0.00136147038802
0.00204220558203
0.00408441116406
0.0142954390742
0.00204220558203
0.00136147038802
0.00068073519401
0.0068073519401
0.00953029271613
0.00068073519401
0.00612661674609
0.00068073519401
0.00884955752212
0.0115724982982
0.00408441116406
0.00068073519401
0.00204220558203
0.0224642614023
0.00204220558203
0.00408441116406
0.00476514635807
0.00136147038802
0.00068073519401
0.00544588155208
0.0068073519401
0.0238257317903
0.0190605854323
0.00136147038802
0.00068073519401
0.00136147038802
0.00204220558203
0.00953029271613
0.00816882232811
0.00204220558203
0.00136147038802
0.00068073519401
0.00340367597005
0.00476514635807
0.0183798502383
0.00408441116406
0.00612661674609
0.00340367597005
0.0074880871341
0.00408441116406
0.00340367597005
0.00068073519401
0.00340367597005
0.0074880871341
0.0074880871341
0.00272294077604
0.00068073519401
0.0156569094622
0.00136147038802
0.00272294077604
0.0367597004765
0.00408441116406
0.00884955752212
0.00272294077604
0.0183798502383
0.00068073519401
0.0108917631042
0.0163376446562
0.00544588155208
0.00340367597005
0.0517358747447
0.00272294077604
0.00476514635807
0.00204220558203
0.00272294077604
0.0074880871341
0.00340367597005
0.00136147038802
0.00340367597005
0.0102110279101
0.0102110279101
0.00544588155208
0.00544588155208
0.00272294077604
0.00408441116406
0.0108917631042
0.00612661674609
0.0217835262083
0.00272294077604
0.00476514635807
0.00136147038802
0.00136147038802
0.00953029271613
0.00068073519401
0.0102110279101
0.0231449965963
0.00068073519401
0.0115724982982
0.00136147038802
0.00068073519401
0.00204220558203
0.00272294077604
0.00408441116406
0.0068073519401
0.00272294077604
0.00204220558203
0.00272294077604
0.00136147038802
0.0068073519401
0.00204220558203
0.00136147038802
0.00068073519401
0.00068073519401
0.0190605854323
0.00136147038802
0.0074880871341
0.00068073519401
0.00068073519401
0.00408441116406
0.00272294077604
0.00340367597005
0.00136147038802
0.00068073519401
0.00136147038802
0.0176991150442
0.00408441116406
0.0115724982982
0.00272294077604
0.00544588155208
0.00068073519401
0.00136147038802
0.00068073519401
0.00953029271613
0.00136147038802
0.0156569094622
0.00136147038802
0.00204220558203
0.00272294077604
0.00068073519401
0.00612661674609
0.00136147038802
0.0122532334922
0.00068073519401
0.0149761742682
0.0074880871341
0.00136147038802
0.00068073519401
0.00408441116406
0.00272294077604
0.0782845473111
0.00136147038802
0.00544588155208
0.00544588155208
0.00476514635807
0.071477195371
0.00340367597005
0.00068073519401
0.00068073519401
0.00204220558203
0.00136147038802
0.00953029271613
0.00204220558203
0.00204220558203
0.0136147038802
0.00612661674609
0.00204220558203
0.00136147038802
0.0136147038802
0.00612661674609
0.00068073519401
0.00204220558203
0.00816882232811
0.00612661674609
0.00204220558203
0.00068073519401
0.00340367597005
0.0122532334922
0.0108917631042
0.00068073519401
0.00068073519401
0.00816882232811
0.00476514635807
0.00476514635807
0.00544588155208
0.0115724982982
0.00136147038802
0.0183798502383
0.00408441116406
0.00068073519401
0.00068073519401
0.00408441116406
0.206262763785
0.00136147038802
0.00136147038802
0.00136147038802
0.00136147038802
0.00068073519401
0.00136147038802
0.00884955752212
0.00136147038802
0.00136147038802
0.00544588155208
0.00068073519401
0.00204220558203
0.00816882232811
0.00068073519401
0.00068073519401
0.00068073519401
0.00204220558203
0.00068073519401
0.00204220558203
0.00136147038802
0.00340367597005
0.00136147038802
0.0102110279101
0.00476514635807
0.00272294077604
0.00204220558203
0.00068073519401
0.00068073519401
0.00544588155208
0.00068073519401
0.0176991150442
0.00272294077604
0.00068073519401
0.00340367597005
0.00612661674609
0.00476514635807
0.00816882232811
0.00612661674609
0.0068073519401
0.00612661674609
0.00136147038802
0.0285908781484
0.0129339686862
0.00068073519401
0.00136147038802
0.00204220558203
0.00068073519401
0.00544588155208
0.00204220558203
0.0068073519401
0.00612661674609
0.00204220558203
0.00136147038802
0.00408441116406
0.00816882232811
0.0122532334922
0.00068073519401
0.00476514635807
0.0068073519401
0.00476514635807
0.00068073519401
0.0102110279101
0.00816882232811
0.00408441116406
0.00068073519401
0.00884955752212
0.00340367597005
0.0142954390742
0.00068073519401
0.0415248468346
0.0142954390742
0.00068073519401
0.00068073519401
0.00068073519401
0.00884955752212
0.11708645337
0.0068073519401
0.00068073519401
0.00136147038802
0.00204220558203
0.00340367597005
0.00612661674609
0.0068073519401
0.00272294077604
0.00816882232811
0.00204220558203
0.0074880871341
0.00953029271613
0.0074880871341
0.00476514635807
0.00068073519401
0.00136147038802
0.0129339686862
0.00953029271613
0.00272294077604
0.0156569094622
0.00272294077604
0.00068073519401
0.00612661674609
0.00612661674609
0.00544588155208
0.00544588155208
0.00204220558203
0.00068073519401
0.00136147038802
0.00136147038802
0.0142954390742
0.00544588155208
0.00272294077604
0.00136147038802
0.00612661674609
0.00068073519401
0.00068073519401
0.00204220558203
0.00272294077604
0.00136147038802
0.00884955752212
0.00816882232811
0.00816882232811
0.00068073519401
0.0170183798502
0.00068073519401
0.0108917631042
0.00136147038802
0.00340367597005
0.00612661674609
0.00476514635807
0.00136147038802
0.0115724982982
0.00544588155208
0.0074880871341
0.00136147038802
0.00068073519401
0.00204220558203
0.00068073519401
0.00953029271613
0.00544588155208
0.00068073519401
0.00068073519401
0.0163376446562
0.0122532334922
0.0156569094622
0.00136147038802
0.00204220558203
0.0102110279101
0.0108917631042
0.00272294077604
0.0108917631042
0.0136147038802
0.256637168142
0.00136147038802
0.00068073519401
0.00068073519401
0.00340367597005
0.0068073519401
0.00204220558203
0.174268209666
0.0190605854323
0.00272294077604
0.0197413206263
0.00272294077604
0.00068073519401
0.00340367597005
0.00953029271613
0.00340367597005
0.00068073519401
0.00068073519401
0.00204220558203
0.00068073519401
0.00068073519401
0.00272294077604
0.0102110279101
0.00408441116406
0.00068073519401
0.0074880871341
0.00204220558203
0.00068073519401
0.00953029271613
0.00136147038802
0.00068073519401
0.00068073519401
0.00068073519401
0.00136147038802
0.0068073519401
0.0238257317903
0.00340367597005
0.00204220558203
0.00408441116406
0.00136147038802
0.00068073519401
0.00272294077604
0.00136147038802
0.00136147038802
0.00272294077604
0.00272294077604
0.00136147038802
0.00272294077604
0.0176991150442
0.00068073519401
0.00068073519401
0.00340367597005
0.0115724982982
0.00476514635807
0.00612661674609
0.00136147038802
0.00068073519401
0.00612661674609
0.00068073519401
0.00204220558203
0.00612661674609
0.0299523485364
0.0204220558203
0.00068073519401
0.00408441116406
0.00068073519401
0.00068073519401
0.0068073519401
0.0108917631042
0.00136147038802
0.0068073519401
0.00544588155208
0.00068073519401
0.0238257317903
0.0074880871341
0.0122532334922
0.00408441116406
0.00068073519401
0.00136147038802
0.00068073519401
0.00544588155208
0.00068073519401
0.00816882232811
0.0299523485364
0.0068073519401
0.00068073519401
0.00340367597005
0.00612661674609
0.0122532334922
0.00340367597005
0.0374404356705
0.00204220558203
0.00136147038802
0.00544588155208
0.00136147038802
0.00408441116406
0.00408441116406
0.00544588155208
0.00544588155208
0.00068073519401
0.00136147038802
0.00340367597005
0.00272294077604
0.0340367597005
0.00204220558203
0.00340367597005
0.00068073519401
0.00476514635807
0.0292716133424
0.0068073519401
0.00612661674609
0.0102110279101
0.00136147038802
0.00476514635807
0.00068073519401
0.00408441116406
0.00136147038802
0.00272294077604
0.00068073519401
0.00068073519401
0.00136147038802
0.00204220558203
0.0068073519401
0.00204220558203
0.00204220558203
0.00136147038802
0.00136147038802
0.00476514635807
0.00476514635807
0.00136147038802
0.00544588155208
0.00476514635807
0.00068073519401
0.00068073519401
0.00068073519401
0.0102110279101
0.00544588155208
0.00340367597005
0.0068073519401
0.00068073519401
0.00340367597005
0.00204220558203
0.0074880871341
0.00272294077604
0.00204220558203
0.00408441116406
0.00408441116406
0.00272294077604
0.00476514635807
0.00068073519401
0.00068073519401
0.00816882232811
0.00068073519401
0.00272294077604
0.00068073519401
0.00340367597005
0.00612661674609
0.00340367597005
0.00068073519401
0.00204220558203
0.00068073519401
0.00068073519401
0.00476514635807
0.0068073519401
0.00204220558203
0.00544588155208
0.00340367597005
0.00204220558203
0.00068073519401
0.00068073519401
0.0170183798502
0.00408441116406
0.0217835262083
0.0149761742682
0.00068073519401
0.00068073519401
0.00272294077604
0.0211027910143
0.00204220558203
0.0122532334922
0.00136147038802
0.00272294077604
0.00068073519401
0.00612661674609
0.00068073519401
0.00340367597005
0.00272294077604
0.00544588155208
0.00136147038802
0.00544588155208
0.0258679373724
0.00068073519401
0.00136147038802
0.00476514635807
0.00136147038802
0.0272294077604
0.0149761742682
0.0149761742682
0.0068073519401
0.00068073519401
0.00068073519401
0.00068073519401
0.00136147038802
0.00544588155208
0.00272294077604
0.00272294077604
0.00953029271613
0.00068073519401
0.00476514635807
0.00204220558203
0.00204220558203
0.00612661674609
0.00136147038802
0.0129339686862
0.00612661674609
0.00136147038802
0.0401633764466
0.00272294077604
0.00204220558203
0.00340367597005
0.0102110279101
0.00408441116406
0.00068073519401
0.00204220558203
0.0108917631042
0.00476514635807
0.00136147038802
0.00204220558203
0.00612661674609
0.00136147038802
0.0149761742682
0.00884955752212
0.0388019060585
0.00068073519401
0.00612661674609
0.0163376446562
0.00884955752212
0.00068073519401
0.00544588155208
0.00204220558203
0.00068073519401
0.00068073519401
0.00340367597005
0.0068073519401
0.00476514635807
0.00272294077604
0.00136147038802
0.00816882232811
0.00272294077604
0.00544588155208
0.00612661674609
0.00068073519401
0.00136147038802
0.00068073519401
0.0204220558203
0.0074880871341
0.00340367597005
0.00068073519401
0.00408441116406
0.0279101429544
0.0136147038802
0.0102110279101
0.00068073519401
0.00068073519401
0.00340367597005
0.00612661674609
0.00068073519401
0.00136147038802
0.00068073519401
0.00068073519401
0.00408441116406
0.00068073519401
0.00612661674609
0.00136147038802
0.00272294077604
0.0102110279101
0.00068073519401
0.00136147038802
0.00612661674609
0.00068073519401
0.00204220558203
0.00068073519401
0.00476514635807
0.00204220558203
0.00204220558203
0.00204220558203
0.00340367597005
0.00816882232811
0.00340367597005
0.0211027910143
0.00476514635807
0.00272294077604
0.00136147038802
0.00068073519401
0.0068073519401
0.00272294077604
0.00544588155208
0.0068073519401
0.00204220558203
0.00272294077604
0.00204220558203
0.0068073519401
0.00204220558203
0.00136147038802
0.00136147038802
0.0142954390742
0.00272294077604
0.0108917631042
0.00136147038802
0.00136147038802
0.00544588155208
0.00204220558203
0.0129339686862
0.00476514635807
0.00136147038802
0.00204220558203
0.0102110279101
0.0115724982982
0.00136147038802
0.00068073519401
0.0129339686862
0.00068073519401
0.00408441116406
0.00136147038802
0.00476514635807
0.0102110279101
0.00204220558203
0.00408441116406
0.00408441116406
0.0108917631042
0.00068073519401
0.0068073519401
0.00272294077604
0.00612661674609
0.00068073519401
0.00068073519401
0.00476514635807
0.00136147038802
0.00884955752212
0.00136147038802
0.00136147038802
0.00884955752212
0.00408441116406
0.00204220558203
0.00068073519401
0.00272294077604
0.0285908781484
0.00204220558203
0.00068073519401
0.00068073519401
0.00204220558203
0.00408441116406
0.00340367597005
0.0136147038802
0.00272294077604
0.00476514635807
0.0156569094622
0.0074880871341
0.00272294077604
0.0115724982982
0.00136147038802
0.00204220558203
0.00340367597005
0.00204220558203
0.00408441116406
0.00068073519401
0.00544588155208
0.0129339686862
0.00068073519401
0.00544588155208
0.00544588155208
0.0136147038802
0.00272294077604
0.00204220558203
0.00068073519401
0.00476514635807
0.00884955752212
0.0149761742682
0.00136147038802
0.00408441116406
0.00408441116406
0.0108917631042
0.00408441116406
0.00340367597005
0.00612661674609
0.00068073519401
0.00068073519401
0.0142954390742
0.00204220558203
0.00340367597005
0.00272294077604
0.00204220558203
0.0170183798502
0.00476514635807
0.0211027910143
0.00068073519401
0.0068073519401
0.00272294077604
0.00272294077604
0.00953029271613
0.00204220558203
0.0122532334922
0.0340367597005
0.00204220558203
0.00204220558203
0.0129339686862
0.00272294077604
0.00272294077604
0.00272294077604
0.0122532334922
0.0068073519401
0.0142954390742
0.0068073519401
0.00272294077604
0.0108917631042
0.0102110279101
0.00204220558203
0.0115724982982
0.0251872021784
0.00272294077604
0.00408441116406
0.0136147038802
0.00408441116406
0.00476514635807
0.00068073519401
0.00136147038802
0.00136147038802
0.00204220558203
0.185159972771
0.00068073519401
0.00136147038802
0.00068073519401
0.0149761742682
0.00136147038802
0.00136147038802
0.00544588155208
0.00068073519401
0.0074880871341
0.00340367597005
0.0217835262083
0.00340367597005
0.00204220558203
0.00136147038802
0.00272294077604
0.00204220558203
0.00068073519401
0.00612661674609
0.00408441116406
0.00068073519401
0.00136147038802
0.0204220558203
0.00068073519401
0.0258679373724
0.0068073519401
0.00476514635807
0.00816882232811
0.00068073519401
0.00068073519401
0.0122532334922
0.00068073519401
0.0578624914908
0.00204220558203
0.00204220558203
0.00068073519401
0.00136147038802
0.00136147038802
0.00953029271613
0.00068073519401
0.0224642614023
0.0122532334922
0.0347174948945
0.00204220558203
0.00272294077604
0.00068073519401
0.00136147038802
0.00204220558203
0.00068073519401
0.00953029271613
0.00204220558203
0.00068073519401
0.00136147038802
0.00068073519401
0.00884955752212
0.0102110279101
0.00068073519401
0.00204220558203
0.00272294077604
0.00953029271613
0.00136147038802
0.00816882232811
0.00272294077604
0.00272294077604
0.00204220558203
0.00340367597005
0.0074880871341
0.00204220558203
0.00340367597005
0.00068073519401
0.00068073519401
0.00204220558203
0.00272294077604
0.00476514635807
0.00408441116406
0.00272294077604
0.00136147038802
0.00068073519401
0.00953029271613
0.00136147038802
0.0197413206263
0.00068073519401
0.0245064669843
0.00068073519401
==== betweeness ===
7.43219705495e-06
0.00133974714633
0.0
4.04497707204e-05
0.00130095228421
0.000706908693813
0.0
0.0
1.25904455366e-05
4.64472525623e-05
3.35232030276e-05
0.0
0.00130953418793
0.00285100292478
0.000959856219935
2.54876787308e-06
0.000129170392409
0.0
0.000141902296236
0.0
0.00289452739617
0.000800541796624
0.00505981122868
0.00166716917776
0.0
0.00687686154514
0.0
0.000777073379875
0.0001891164617
0.000574987221075
0.000376865966866
7.2723661358e-06
5.10450354227e-05
0.0
0.0
0.0
5.50946436165e-05
0.000422970427115
0.000379444805315
0.000790886524199
0.000111839814924
3.89020837278e-06
0.0
0.000384450520312
0.0
0.000303427996798
0.0
0.00254255594325
0.000637020059914
1.25453694521e-05
0.00103291178136
5.56969626753e-06
0.0279755375263
0.000127024858153
0.0
0.00455350612346
0.0
0.0
0.00280588959977
0.0
0.0
0.000725775355125
0.00219174552274
0.000109126502345
0.0
0.000450473130272
0.000151204476977
0.00125211754558
0.0
0.0
4.45200952192e-06
0.00202442140574
0.0
7.73165792375e-05
0.00283718331328
0.00557202704984
3.1103591935e-06
0.00104447264215
1.14042221557e-05
2.71345862145e-05
0.000150831114847
0.000789663676062
0.000312507604177
1.33121637251e-05
0.000124748757584
0.0
9.36502402967e-05
0.000178205630064
7.8232104784e-06
0.000494192621137
0.00329435206419
0.000190171080057
0.0
0.000140337392816
0.000321101887279
0.00234912650596
0.00161678139584
0.000778499025024
0.0
7.5647236482e-05
0.0
3.27113306273e-05
0.00345810941891
0.00350478068006
0.000407838163381
0.000298114968609
0.000628371542323
0.0
0.00327766155859
0.00161190270999
0.0
3.88234585292e-05
0.00178503816435
7.74264265677e-07
0.000610849415261
0.0
0.000328664199123
5.33952968995e-05
2.93510725604e-05
0.000100383047461
0.0
2.69938880523e-05
0.0
0.0
0.0
0.000100555156401
0.000210449808083
0.000534560310035
0.0
0.00174533270423
0.000707774523819
0.00233617576537
0.0
0.00130953418793
1.60406073985e-05
0.00913021513443
0.000295381044208
0.00341086631712
0.000377745085927
2.67370446544e-06
0.0
2.96164273952e-05
0.00102374385372
0.000523191510645
5.64890918987e-05
1.62816426335e-05
0.00147383811559
0.000264916344857
0.00145582415366
2.3009201401e-05
0.0
0.00130953418793
0.000107298369667
0.00409330853018
5.70115243817e-05
0.00130654813285
3.75242883166e-05
0.0
7.74437102136e-05
0.00189482156083
0.000302738400273
0.000291717554254
0.0
0.00070372699123
0.000512676558777
6.90838584766e-05
3.87811340669e-06
4.75017154444e-06
0.0
0.0109924867809
8.68365168307e-06
0.00254746826676
0.0
0.000191972026952
0.000118275935522
0.0
0.0
0.00130953418793
3.30891427153e-05
0.000910268513461
0.000344882400492
0.000234764781602
1.72618412065e-05
0.0
0.000428164664997
0.000915795966728
0.00423502827111
0.0
0.000130044984482
3.17085277408e-05
0.0
0.00418811010347
0.00123599526077
0.00348861889179
0.0
0.0
1.47000854583e-05
0.00215148509588
8.94342055211e-06
0.00729515599597
0.065007857421
0.0
0.00373648804712
4.91770679072e-06
1.04933025443e-05
6.62149924946e-05
0.0
0.000100833201801
8.15065970675e-05
7.10478829075e-05
0.000193959179111
0.000759256500304
0.000311395600675
4.40567892886e-05
0.0
0.000159014140822
0.00113141229426
0.000653859558768
0.000250074347644
0.000112083498939
0.0
0.000502037656589
1.07304217008e-05
0.000157035919342
0.0
0.00138866316722
0.000617496742738
0.0
3.2270413503e-05
0.00102800969098
0.00043460423426
0.000717573790563
0.00286610384307
0.0
0.0
0.00044397598637
0.0
0.0
0.00598108984415
0.000127380059694
0.0
0.0
0.0
0.00416768306592
0.000259247357164
0.0
0.000431603193023
0.00113373319138
0.0
3.40478952996e-05
8.54066828235e-05
0.000557384458961
0.000517533618723
2.38524788722e-05
3.92143253764e-05
2.07673169504e-06
7.64122525549e-05
0.000146788655672
0.0
3.44101138696e-06
0.0018056902732
4.47506167516e-05
0.000166308718702
0.0
0.000185223665237
0.0
0.000771901674936
8.72657388374e-05
0.00105268856083
0.0
0.0
0.000184342674909
0.000166834212874
0.0
0.0
0.000360849687797
0.0
0.0
0.00618881713021
1.51621126449e-05
0.0
0.000311921879855
0.00155884872832
9.27432144427e-07
0.000271824697238
0.0
1.7865709975e-05
0.00815086475992
0.0
0.0
1.85627182971e-05
1.11935307246e-05
0.0022273945315
0.000615984125543
2.4043963474e-06
0.00894014319863
0.000150084184389
0.00133325291634
0.0
0.0
0.00130953418793
0.0083009455111
0.000192575401347
0.0
0.0326049444599
0.0
0.000713398364669
0.000139110824286
0.0
2.85754952467e-06
0.0
0.000759193693275
0.0
0.0
0.00113371609785
3.28679149766e-05
5.17820788085e-05
0.000526658501364
0.000660512480081
1.4861101909e-05
0.00376619302092
0.000886615643928
9.27432144427e-07
2.97288189136e-05
0.00052344523212
7.29617069448e-07
0.00226056528726
0.000652951759145
6.9100799471e-05
0.0
0.0
0.000398851687394
1.79320660682e-05
9.29470413715e-06
2.22155192256e-06
0.000239152977986
0.000101083432318
0.0
0.0
0.0
4.74623360796e-05
0.0
0.00655388827775
0.0
5.29203072373e-05
2.69752814839e-05
0.000144066590904
0.000297370679292
0.00982658708408
0.000279439824665
0.00133145563025
0.0
0.000248701693449
0.000568490747581
0.0
0.0155417892503
0.0
4.20840907654e-05
0.00196275651594
0.00927797395682
0.0
5.04937504384e-05
0.000464651579392
0.0
0.00146840904118
0.0
0.000402064277142
0.000176222689018
0.0
0.0
0.000858610261818
0.000155244561421
0.000678422518875
0.000617144271597
0.000150085653106
0.0
0.00108490060124
0.000134547669937
0.00254154530032
0.000123145979186
0.00259051841526
0.000250721769891
0.000355311131088
5.7634660606e-05
2.19729501371e-05
0.000307924441099
0.00118372878991
0.0
0.0
0.0
0.00358456207603
0.00283490652388
0.00140903516892
1.81527513945e-05
1.80971385354e-05
3.22474497221e-06
8.35394057092e-05
1.51621126449e-05
0.0
0.00221805434469
0.0
9.07121442755e-05
0.000542801956119
0.00130953418793
1.28341823609e-06
0.0
0.00314221054931
7.49286622599e-05
0.000504345142777
0.000127412364509
4.87962075491e-06
0.0259068112035
0.0
0.0
0.000171765189418
0.00036326248496
1.61336727618e-06
8.1899887373e-05
0.000342671941964
0.000227315736411
1.21945975478e-05
0.0
0.000560511363467
0.0
0.0
0.00153905981985
0.0
2.35522476976e-05
0.00169585712921
0.00130953418793
0.0
0.000254132952303
9.82164356652e-05
0.000243122232704
0.00150837185117
0.000158891233968
6.87160226161e-05
0.00327848425903
0.00257245773574
0.000144906333365
8.20242657767e-05
0.000153524520299
5.8018931038e-05
0.00013673903021
0.0
0.00268836089063
0.000311037879479
5.45325697402e-05
0.0
0.000753225624253
0.000330913819181
0.000728859371385
0.0
0.00366837083124
0.00250105861317
9.23625242291e-05
0.00178090179131
6.06264026762e-06
0.000457249575411
0.0
4.4067029859e-05
1.73397771038e-05
0.000829969353833
0.00130953418793
0.000373520113767
0.0
0.0
0.0
0.000392250929497
0.000734904930575
3.53024852018e-05
8.34688929984e-06
0.00062613229492
0.000131389109842
0.000119699604333
1.38837067006e-05
0.0
0.00393579162931
0.00261721351157
4.71104744619e-05
0.000986670394749
0.00236196069737
3.61163688307e-05
0.000129667680098
0.00560210559495
5.33861576979e-05
7.6069096807e-06
0.000531187662607
9.33810514879e-05
0.0
0.0037508730405
0.00113741167274
1.95288485346e-05
6.83268744268e-05
0.00210760178993
0.0
0.0
0.0
0.0
0.000410596615716
7.28247308839e-05
0.00336382477378
0.000120552617854
0.0
4.20522849984e-05
0.0
0.00033202514573
0.0012135428286
0.00091347132782
0.00193574804412
0.00336248595274
0.0130221570552
0.000761214438736
0.00436675574442
1.08276764195e-05
0.0
2.05069830147e-06
0.0
0.000250594816663
0.000924757936582
0.00153992866349
0.00389349457271
5.62575462109e-05
0.00015826929392
0.0
5.55687312958e-05
0.000330589193337
0.00011597141451
0.000188245020022
6.57296280836e-05
0.00222727312426
0.0
8.62711746151e-06
0.00129963647204
0.000776545492
0.000221601014468
0.0
0.0149786123338
0.000109826145365
0.00134068802176
6.76816929599e-05
0.00133635949953
0.0
0.000112210075039
0.0
0.0
0.00171295512257
0.0
0.00318365057608
3.96889132367e-05
0.00219477358297
0.00271018268855
0.0
0.0
0.00381999857038
2.11725326006e-05
0.000222329779392
0.0020425078549
0.0
0.0
9.18829843274e-05
7.88355975629e-06
1.40889673158e-05
0.00131744365411
2.90677531014e-05
0.0
4.64927493677e-06
0.000282879676321
0.0039251983045
0.000371229357633
0.00130953418793
0.00319578745868
0.000108758371581
0.0013891502713
0.0
5.39605037421e-05
0.00144114477014
0.0020077887296
0.0
0.000733532332638
0.0
1.74760045139e-05
0.000139823094772
0.00854150251088
1.3612371589e-05
0.00156482016581
0.000100104756496
0.0
0.0
0.00650600601743
0.00107490034201
0.000117124736087
1.82015787504e-05
0.000161669960922
9.95774162251e-06
0.00131011662737
0.000295383185019
3.73308786797e-06
2.52809894167e-05
0.000110891353636
0.000121769784232
0.000828243384498
0.0043301268982
0.000243502849066
0.00395992215241
0.00110864890332
0.000100605964819
0.00134145287731
0.00247783127286
0.000144869308111
0.0
0.00214467768151
0.000717478596852
0.0
0.00130953418793
0.00130953418793
0.00011128764378
0.000449030523561
0.000753981034936
0.00151013336695
0.000709079520716
2.97380938531e-05
0.002807299517
2.24206401761e-06
3.16235439452e-05
9.05021065995e-05
0.00151833041451
2.50428986431e-05
2.47435530389e-06
0.0
0.00211459066658
0.00132049592136
0.0
0.0036767050975
0.0
0.00220492158208
0.00366140668267
8.08706710673e-05
0.0
0.000156678392506
0.00821177581199
0.00131235606664
0.00138770244022
8.91853758909e-05
2.18369357592e-05
0.0
0.000318556805337
0.00061499749949
0.00755392717952
0.0047589840114
0.0
0.0
0.0
4.85314497567e-06
0.00162923565901
0.000380001276027
0.000321585632885
0.000125955051659
0.0
0.000189542782657
0.000608072977464
0.00463375972155
3.90957510494e-05
0.000727858909363
2.3981091238e-05
0.00188612498718
0.000162708372834
7.31896428032e-05
0.0
0.000135498774841
0.00111577479528
0.000895507230695
0.00264147862983
0.0
0.00190618830776
2.04027124877e-05
1.38852851624e-05
0.00577757879624
0.000167738380883
0.00194251855371
6.00728616715e-05
0.00147370396194
0.0
0.0014647325366
0.00249332901475
0.000289975464374
0.00060199198347
0.0117151317917
4.55005103008e-05
8.95650473128e-05
0.000120223863364
3.25244143925e-05
0.000561455170217
4.13125733009e-05
7.26469116385e-06
3.02146065566e-05
0.00192769081125
0.000857081615227
0.000410781825462
0.000954116344516
9.2317221268e-05
0.0006968056594
0.00150753526063
0.00026749377618
0.00506626375114
0.000197225254492
0.00108075240243
0.00130953418793
3.38252771757e-06
0.000818525768458
0.0
0.000890726113551
0.00650472097266
0.0
0.000532684619297
3.86636982727e-05
0.0
2.05818982714e-05
3.97130296953e-05
0.000257040382168
0.00050607861803
0.000173344792827
1.07304217008e-05
2.75326846125e-05
0.0
0.000142322034631
3.14909654933e-05
0.0
0.0
0.0
0.00487531658608
1.12425284363e-05
0.000388801866677
0.0
0.0
0.00143551170176
3.42082336423e-05
0.0001003701053
2.3670861133e-05
0.0
0.00130953418793
0.00418103086213
0.000236562689141
0.00155623962955
3.73114783923e-05
0.000504722515528
0.0
0.00130953418793
0.0
0.000444486667745
1.0574100784e-05
0.00366230537065
0.0
0.00131166440261
4.5352875121e-05
0.0
9.55183827229e-05
3.19910757192e-05
0.00183217154031
0.0
0.00445463319758
0.000846228525998
5.79562953312e-06
0.0
9.14036936536e-05
0.000156571174671
0.023597168439
0.0
0.000283253489977
0.000176001078366
0.00148149896123
0.0244870193348
0.000125422446313
0.0
0.0
2.56945740604e-05
0.0
0.00143468291978
0.00136264128749
6.55567617223e-05
0.00152240659374
0.00027800604443
2.99150548015e-06
0.00130953418793
0.00192192268033
0.000898153551673
0.0
4.24335998076e-05
0.00112806221964
0.00293439858801
4.61167837009e-06
0.0
0.000234191304867
0.00122116678966
0.00210832384785
0.0
0.0
0.000364988177352
6.03518231597e-05
5.45838113722e-06
0.000148006755429
0.0017031670232
0.00130953418793
0.00497034271354
0.00135353599822
0.0
0.0
0.000704582375724
0.114646531096
0.0
3.47710021285e-06
8.05264719839e-06
2.99644793344e-06
0.0
7.88035082403e-05
8.89922293827e-05
0.0
0.0
0.000242688221745
0.0
1.31245143112e-05
0.00150654633529
0.0
0.0
0.0
0.00130953418793
0.0
1.71872715337e-06
2.43467822179e-06
0.000251871884554
0.0
0.0025281582174
0.000122473077917
0.000102034806206
1.3721927181e-05
0.0
0.0
0.00137949372078
0.0
0.00331104351588
0.000110503628355
0.0
7.2014624852e-05
0.000915807697213
0.00155736808857
0.00106827063494
0.000758671058099
0.000305891660121
4.86505914159e-05
0.0
0.00901459984646
0.00158710552252
0.0
2.43630042844e-06
5.25437675812e-05
0.0
0.000377215271797
5.09674107608e-06
0.000346625189361
0.0015056862014
0.00130953418793
5.79775493412e-06
0.000250714065698
0.000412133663541
0.00280430748525
0.0
0.00016335969716
0.000904840436061
0.000177180433904
0.0
0.000557829655838
0.000564708876352
3.64708512948e-05
0.0
0.00130956736416
0.000234827236541
0.00145354492909
0.0
0.0066172711126
0.00174547045631
0.0
0.0
0.0
0.000476628475476
0.0453621389605
0.00071164128024
0.0
2.12923591983e-05
0.00135122390609
1.40596639856e-05
0.00086688237728
0.000256668620369
0.000136691049305
0.00189437979691
9.84783231105e-06
0.000492836471363
0.00102375569337
0.000221460416159
0.000820472858381
0.0
4.52806887453e-05
0.00109075799591
0.00338820314291
2.01907882284e-05
0.00396832703584
1.21355111256e-05
0.0
0.000357644708027
0.000118788180664
0.000311972222695
0.000465693551659
0.00131170010986
0.0
0.0
1.76941531712e-06
0.00286003572264
0.000236953395287
0.000242373451448
5.64949510349e-06
0.00109244822397
0.0
0.0
1.07304217008e-05
4.75548928635e-05
1.07339313382e-06
0.000568275521208
0.000987346262604
0.000341649609335
0.0
0.00469135976314
0.0
0.00124760067604
7.56177709745e-06
5.56908806046e-05
0.00289725751615
0.000194510931485
7.26917936723e-05
0.00194409497101
0.00125445758677
0.000637732121174
0.00130953418793
0.0
1.73585333433e-05
0.0
0.00185516675173
0.000320131367278
0.0
0.0
0.00215158559464
0.00262927372502
0.00169821482761
2.14089737446e-05
8.68641668546e-06
0.00178980206095
0.000910261352755
2.32868770368e-05
0.00140275673153
0.00226927757588
0.174600047282
0.00261721351157
0.0
0.0
0.00239561501548
0.000392153134282
2.43630042844e-06
0.106682339961
0.00220391413986
2.3397363063e-05
0.00135826494329
8.71130080944e-05
0.0
8.83422795065e-05
0.000421531111189
2.41210791239e-05
0.0
0.0
1.18367091406e-05
0.0
0.0
1.51950566646e-05
0.00126155872947
0.000177436947183
0.0
0.000679737920475
0.0
0.0
0.00215382426069
3.90127231096e-05
0.0
0.0
0.0
7.9745537467e-05
0.00172215440792
0.00567835863774
0.000119192875831
6.15822008838e-05
0.001370950709
0.00130953418793
0.0
9.3434133162e-06
5.48133162425e-06
0.0
0.00132029295711
0.000179890857611
2.31518755618e-06
0.000378855071092
0.00535989712192
0.0
0.0
0.000124508131665
0.00161900900834
0.000108684187483
0.00143292915423
3.54727707694e-05
0.0
0.00040369667169
0.0
0.0
0.000802037033927
0.0115005432697
0.00302807981164
0.0
0.000530316961276
0.0
0.0
0.00037316569476
0.000852018585746
0.0
0.00116360035994
0.000193113144189
0.0
0.00386706232537
0.000324001779873
0.00115594728186
4.32606215506e-05
0.0
1.24443675064e-06
0.0
0.000659912759927
0.0
0.00159125476561
0.00683991648094
7.59871380297e-05
0.0
0.00202645920886
0.000165712608269
0.00191149472187
6.62533956372e-05
0.00877213994746
1.43059046934e-05
0.0
0.000271362694342
4.94748304375e-06
6.7037302539e-05
0.00175086911123
9.53420088828e-05
0.00110938475476
0.0
7.99466680937e-07
7.62584682604e-05
3.37560950029e-05
0.00798220074087
1.54014268011e-05
0.000203928897769
0.0
0.00277370339982
0.00366798298288
0.00144725550492
0.000552308165069
0.00170945883206
0.0
0.000157002182077
0.0
5.56103201638e-05
0.0
2.78635071286e-05
0.0
0.0
1.46904912104e-05
6.11881012383e-05
0.000562858259577
1.51202968732e-05
1.4809539851e-05
1.22629376611e-05
3.8460235077e-06
0.000343513724826
0.000266312646319
7.62427478311e-06
0.000254044656009
0.000222984958375
0.0
0.0
0.0
0.000788067050041
0.000710869191653
0.00014073274203
0.000349837986495
0.0
0.000118690574348
9.27432144427e-07
0.000680932638856
0.000158203976479
2.31815058066e-05
0.000350491702178
0.000186029750597
0.000256438479741
0.000406022104702
0.0
0.0
0.00028212474596
0.0
2.04604251978e-05
0.0
0.000412754957616
0.000161773436203
0.000299625050766
0.0
1.31514780308e-05
0.0
0.0
0.000277660099869
0.000139347975502
1.56326229441e-05
0.000576272531587
7.1297842307e-05
3.7197371671e-05
0.0
0.0
0.00260015342032
7.427948478e-05
0.00526189983225
0.00222792838043
0.0
0.0
2.64906380572e-05
0.00206534998341
4.28082015877e-05
0.00176782450491
1.37018113316e-06
0.000129223912686
0.0
0.000532287349074
0.0
0.000382405292957
2.26941065689e-05
0.00034139596886
1.83033276772e-06
0.00139312183269
0.0038436493744
0.0
7.9884513199e-06
0.000320369887644
0.0
0.00537776827503
0.00150300094481
0.00353078337531
0.000562862948043
0.0
0.0
0.0
1.03106508514e-05
0.000116525863304
8.50277219301e-05
0.000159610049325
0.000779422889788
0.0
0.000103919495689
8.23225312892e-05
7.69064430275e-05
3.19863755755e-05
0.0
0.000692743841237
0.000710287830778
2.6740354951e-06
0.00476993086588
7.17377166485e-05
1.03865544154e-05
3.59490311987e-05
0.0019614058642
0.000198497781862
0.0
6.82916235822e-05
0.00115898859089
3.34289240185e-05
3.1843965148e-06
8.77465392374e-06
0.000239140034108
1.78433235154e-06
0.00195833984546
0.00040226275793
0.00614486787335
0.0
0.000259624073266
0.00145780950899
0.00209678871144
0.0
0.000132187275706
2.00881523554e-05
0.0
0.0
0.000429900284685
0.000219801977112
0.000136418273749
0.000419726203047
0.00130953418793
0.00234585544761
7.99438180389e-05
0.00160094089064
0.00026650502526
0.0
1.08686515105e-05
0.0
0.00332874047896
0.000572033232595
3.494787649e-05
0.0
0.000109319763989
0.00912956941561
0.00390800520546
0.001044558518
0.0
0.0
0.000134594915318
0.000385973686904
0.0
1.87905371881e-06
0.0
0.0
3.89827659315e-05
0.0
0.000402214391104
0.0
0.000125202867955
0.00106939213518
0.0
0.0
0.000597950385403
0.0
3.6010525939e-05
0.0
0.000207010229668
3.66547550925e-06
0.000149552815646
0.000510182480277
4.50773825415e-05
0.000412521876179
9.12222621183e-05
0.00381401933745
0.000150864377615
2.24678678142e-05
4.73434449253e-07
0.0
0.000597941438735
3.12952526686e-05
0.000277636728494
0.000732224122501
5.3032960021e-05
0.00132104011165
4.09110201532e-05
0.000961312263685
5.39726417257e-05
0.00130953418793
4.14118590651e-05
0.000614564723783
4.33758977091e-05
0.00102514097031
1.81735889656e-05
2.46546778597e-05
0.00183188301844
0.000163066095069
0.00203931564163
0.000716041028791
5.84713417288e-05
4.16009112688e-06
0.000960611967912
0.00241710236898
1.98720972507e-06
0.0
0.000538753169214
0.0
0.000124857810239
3.07295690511e-06
7.10034194824e-05
0.000746378224284
0.000224151473243
0.000558910375895
0.000307435840794
0.00205830626375
0.0
0.000928996450654
3.65436876372e-05
0.0003123836599
0.0
0.0
0.000151487547553
0.00130953418793
0.00215304664239
1.55240822202e-06
2.42722999423e-05
0.00046170029658
0.00105372424232
7.50841092247e-05
0.0
7.32005178773e-05
0.00712081966316
5.93086456077e-05
0.0
0.0
2.82338434037e-05
8.42260345683e-05
8.38742261778e-05
0.00175091908636
2.6819414138e-05
0.000100280581728
0.00111892358333
0.000262114028471
3.05930438654e-05
0.0014792421366
0.0
4.09957283077e-05
2.94867327663e-05
0.00131201709387
0.00167803235815
0.0
0.000306991444877
0.000765716444187
0.0
0.000306212744964
0.00011578924317
0.000749419099137
0.000160593482284
1.27388833474e-05
0.0
0.00146343524467
0.000215347495904
0.00229732211791
0.0
0.000186132781005
0.000213116748266
0.000526398585739
0.000151298817882
0.000142605399617
0.000437455537035
0.0
0.0
0.002132018965
6.96289906258e-05
8.1967754659e-05
2.06412798663e-05
0.0013575682392
0.00170312454577
0.000945355547241
0.00429117758485
0.0
0.00102949743511
7.49350071609e-05
0.000134896850422
0.00113644128933
5.30241218916e-06
0.00146999043157
0.00677469384277
0.00131290198451
1.01062373761e-05
0.00145293736101
1.26185238442e-05
6.02694077041e-05
2.62052081245e-05
0.00352564319883
0.000820377599249
0.000864608916398
0.000297306195257
3.83933135016e-05
0.00346542768309
0.000649810259199
1.57816314211e-05
0.00371900764881
0.00382669172143
0.000229978918682
0.000169846917302
0.00168098870078
7.55795006638e-05
0.000141964571095
0.0
0.0
3.70972857771e-06
1.08901375761e-05
0.113321484163
0.0
3.39016809359e-05
0.0
0.00370704146964
2.67555128873e-06
6.27074108321e-05
0.000331436723111
0.0
0.000268874407968
2.21564233406e-05
0.00458806412232
0.000151900525752
3.69108236876e-05
5.87577982424e-06
2.62712690833e-05
1.07304217008e-05
0.0
0.000238615649497
0.000703325831716
0.0
4.41045506427e-05
0.00439194705181
0.0
0.00505786097587
0.000417616032178
0.00137985207272
0.000614034051728
0.0
0.0
0.00146882706663
0.0
0.0131420357161
8.6558456076e-06
0.0
0.0
2.5883128686e-05
7.6600238127e-06
0.00276960502518
0.0
0.00879370202562
0.00169899248157
0.00366896727589
1.76942991712e-05
4.26833055502e-06
0.0
5.64867391045e-06
0.000680484628964
0.0
0.00131359163539
0.000182733976449
0.0
2.59893916294e-06
0.0
0.000476564103772
0.000912565440727
0.0
0.00130953418793
3.05037040628e-05
0.00348888668383
5.06797867428e-06
0.00057030221045
6.19065310134e-06
4.62689071539e-05
6.50221925787e-06
0.00041872568333
0.00173101373528
2.61890706339e-05
9.47480647128e-05
0.0
0.0
6.0269084707e-05
3.52810252682e-05
9.64325001207e-05
0.000768568779991
7.87595598423e-05
2.28361764134e-06
0.0
0.000623420488595
2.13009137354e-06
0.00179618966998
0.0
0.00568752215132
0.0
==== closeness ===
0.312086058684
0.274295617673
0.312372968414
0.286555932019
0.386997376301
0.389213856119
0.324763389622
0.280003046059
0.297338609838
0.308824082156
0.25576492013
0.252252187373
0.249382529462
0.362146225838
0.339868663558
0.290475483131
0.302837519066
0.282036685115
0.329407364413
0.242962957735
0.335175039598
0.363891508854
0.336419501378
0.339953673229
0.00068073519401
0.342869522091
0.266183859297
0.370639428843
0.318671696499
0.363113755161
0.366541204306
0.298514119387
0.326166255236
0.275072816347
0.273632934481
0.309527393662
0.353757101918
0.345572027859
0.333775733195
0.311442434823
0.367433032054
0.252956409002
0.215838460468
0.336919877434
0.284218901206
0.361279847307
0.234293188341
0.354587734299
0.392133521514
0.298908024097
0.361087881394
0.288441168414
0.388991066276
0.312229447638
0.340379360273
0.360513205721
0.213030530653
0.275407251382
0.355608264147
0.000907646925346
0.237610976498
0.385460801352
0.402945385582
0.32679364885
0.279083118187
0.386777115984
0.356915647471
0.361953338367
0.324221084344
0.260121490061
0.275407251382
0.328134907187
0.263245164743
0.359940356348
0.345484185452
0.399158527333
0.287040081429
0.357103201673
0.295914388323
0.349661637656
0.355143659673
0.348853897733
0.342783048063
0.262685501656
0.359369324582
0.312372968414
0.295914388323
0.251226392896
0.315930912498
0.371449791082
0.367930369672
0.282976220189
0.00068073519401
0.323141889103
0.374726988025
0.389883759486
0.384914977505
0.354587734299
0.292853864591
0.282564404484
0.334350500755
0.286254167137
0.345659914946
0.39532716276
0.340208957589
0.334268269938
0.353481088574
0.292853864591
0.351560989542
0.37848364956
0.00068073519401
0.348764379155
0.33944425214
0.292475744689
0.360513205721
0.253428078607
0.339190113693
0.326088000376
0.340806114736
0.340806114736
0.261372074148
0.332388062012
0.340379360273
0.266863299739
0.279083118187
0.310588387927
0.281627597507
0.361568179188
0.00068073519401
0.380603412369
0.36783079447
0.383178682145
0.00068073519401
0.308613711528
0.31740653563
0.404865887867
0.358327125117
0.365949053734
0.319420631156
0.275574774041
0.216698785964
0.297925205079
0.372569842535
0.314687377997
0.334268269938
0.352289991075
0.305286339975
0.329168027505
0.401635574932
0.331334662498
0.211078550329
0.243922251538
0.350112000404
0.307775087312
0.362339319
0.341405371909
0.330127467954
0.251551875915
0.339274784216
0.377118419969
0.366244889671
0.310021620796
0.00068073519401
0.349661637656
0.318596996148
0.353941350408
0.274350986187
0.289794197349
0.249291046509
0.402945385582
0.260520372929
0.387107600561
0.00068073519401
0.298710941883
0.365850547932
0.269883793798
0.00068073519401
0.272480911301
0.294057720807
0.384914977505
0.297143591073
0.295721232717
0.264526038452
0.269669600311
0.371856302481
0.332958056239
0.386117836809
0.336586128174
0.300627026226
0.33385772183
0.287708464346
0.395097321386
0.372467740633
0.380710023969
0.289979685421
0.279369945646
0.329807033625
0.362532618183
0.33255071827
0.382531603031
0.453952834191
0.28197817128
0.360226553291
0.289485577331
0.321917286966
0.353022022226
0.256634211777
0.354125790925
0.289917829686
0.288747564387
0.328610924944
0.350382775346
0.317258353307
0.354310423767
0.26876305825
0.327897415095
0.345308634545
0.362532618183
0.304670429403
0.313092555994
0.273963875341
0.358894846995
0.33525771721
0.282564404484
0.305286339975
0.376909258338
0.343215854942
0.00068073519401
0.316888502114
0.37084168774
0.351651949694
0.37226370462
0.372978810529
0.271990151204
0.29209859995
0.343215854942
0.207945958624
0.265041884861
0.354495249235
0.346629631617
0.258047234777
0.324763389622
0.00068073519401
0.326715092685
0.361183838844
0.262279966339
0.368229419011
0.368129681898
0.196435147502
0.319270562736
0.351560989542
0.379752664311
0.337757153471
0.286918890768
0.295528329108
0.273467763696
0.333121270973
0.340294137599
0.277261278166
0.263143230507
0.366244889671
0.362435942818
0.31194280137
0.272973445585
0.371145490325
0.00068073519401
0.375037192486
0.310801460226
0.33944425214
0.309527393662
0.259080210745
0.313670617486
0.356354165068
0.305286339975
0.324763389622
0.331334662498
0.282036685115
0.252299013471
0.353022022226
0.350021835068
0.00068073519401
0.362049756411
0.377013810144
0.00136147038802
0.339359497021
0.269082317475
0.283744214106
0.369229770597
0.312372968414
0.231776054838
0.306525662059
0.280176208116
0.368528954872
0.294057720807
0.2893623133
0.379222875438
0.318896007876
0.278226158765
0.00068073519401
0.218475291041
0.266444772705
0.373593948754
0.341319634748
0.25721702982
0.434367141441
0.309527393662
0.354958157631
0.324996361925
0.295399866457
0.283448339013
0.297403672991
0.329967172995
0.262533279036
0.252345856957
0.392813521841
0.296236875669
0.287222059503
0.375866920788
0.320550656974
0.247565534712
0.37349128485
0.375037192486
0.00136147038802
0.332876508834
0.363696758247
0.270098327816
0.372569842535
0.365555348458
0.324066472477
0.00068073519401
0.312372968414
0.325697288658
0.277317850555
0.282212372419
0.290848445446
0.31388794124
0.305354928234
0.224390752116
0.223138201538
0.340379360273
0.287161374513
0.272973445585
0.35256414671
0.00068073519401
0.318896007876
0.29610779642
0.320550656974
0.379011373555
0.379328714923
0.34751592574
0.349122729404
0.305286339975
0.319495718281
0.35823267938
0.00068073519401
0.41500298796
0.248698039445
0.300494093648
0.33534043562
0.410614738842
0.258636495827
0.320097688546
0.362435942818
0.265352359541
0.371754591239
0.277374446034
0.364770473851
0.339613889447
0.00068073519401
0.309950920312
0.39179440345
0.319345579316
0.368728916323
0.316740802976
0.316519512242
0.00068073519401
0.342523887492
0.345220925976
0.354218083286
0.314323493425
0.362242746687
0.347427092425
0.330368202618
0.30631841009
0.348496098864
0.37848364956
0.363794107486
0.240554829304
0.245952729926
0.2387378861
0.363113755161
0.343302547504
0.380923426449
0.272426294963
0.263449270318
0.244712780981
0.313525902092
0.348853897733
0.257363148186
0.370639428843
0.212530849972
0.347249561975
0.3916814944
0.279197778465
0.273632934481
0.24707049365
0.330931284531
0.346983606221
0.357949640655
0.328690395543
0.295464083819
0.368229419011
0.225283405531
0.235919941949
0.319120635259
0.34769372872
0.327423460749
0.278682547789
0.339274784216
0.334597436132
0.298448569514
0.212298466974
0.349931716161
0.218159676656
0.241366504274
0.333693784819
0.309527393662
0.309245684999
0.380177562397
0.254329114066
0.00068073519401
0.334927251249
0.307635759522
0.319721191618
0.381350949935
0.325385392762
0.30069353663
0.373183631403
0.368929094888
0.337170624056
0.317851914305
0.329247767822
0.34183470462
0.315857491417
0.00068073519401
0.367631805672
0.385789039333
0.3524727141
0.272044592788
0.367532391987
0.379328714923
0.280639022418
0.236989500535
0.375244280941
0.334762262455
0.329647049616
0.368528954872
0.285292776148
0.343389283873
0.312372968414
0.315052106066
0.310801460226
0.310517428734
0.340549933743
0.28145263731
0.27144693141
0.329807033625
0.206838348131
0.344520858192
0.355701330952
0.28710071516
0.00283639664171
0.352747154313
0.302972533564
0.334268269938
0.348496098864
0.292853864591
0.382639297739
0.26248257736
0.305904745795
0.371754591239
0.379011373555
0.312948373375
0.34769372872
0.389660202285
0.348496098864
0.285113233809
0.316667005025
0.301293457231
0.266340345986
0.372978810529
0.389883759486
0.274019109994
0.307566142921
0.318447700461
0.324763389622
0.274794740309
0.262888739955
0.269616105052
0.297143591073
0.360322053438
0.394180622265
0.342696617642
0.32758129322
0.330689728849
0.309527393662
0.368929094888
0.394180622265
0.332469370247
0.397640370266
0.351288391204
0.383827954128
0.337505534037
0.326558093601
0.241237981109
0.222662972734
0.26670619811
0.259030833918
0.375866920788
0.379011373555
0.354310423767
0.362532618183
0.337673238651
0.308123959548
0.00068073519401
0.285472544753
0.324453278961
0.336919877434
0.360704560926
0.339105485421
0.390555972864
0.241366504274
0.320097688546
0.35256414671
0.341920700772
0.327897415095
0.278283125628
0.380496860461
0.344958067403
0.32214619236
0.298710941883
0.329168027505
0.269135601103
0.314105566344
0.274683667253
0.00068073519401
0.393381992929
0.247791209766
0.375866920788
0.29610779642
0.397524067145
0.37597089504
0.266340345986
0.312372968414
0.351016215281
0.254376714499
0.322528425621
0.343910623879
0.284040707538
0.236989500535
0.353205505605
0.287465056169
0.330850726769
0.282623161898
0.293043291412
0.229428559346
0.24196809428
0.379540571228
0.314396203
0.32214619236
0.25977346819
0.394867747115
0.338514267888
0.365260624985
0.312372968414
0.332063226379
0.374623700543
0.374623700543
0.290227372532
0.340977116299
0.309527393662
0.290537577077
0.365162489406
0.379858799768
0.292349921611
0.3154908973
0.28930072064
0.18958498892
0.208488232178
0.349931716161
0.354218083286
0.355701330952
0.30931606408
0.32368058718
0.266549281343
0.357855393778
0.354680267633
0.28209522324
0.265975496197
0.344695608818
0.304193103305
0.336502794149
0.385460801352
0.340549933743
0.385133121442
0.363307881734
0.310517428734
0.273577855388
0.358800101787
0.321156612847
0.252956409002
0.3916814944
0.368129681898
0.305286339975
0.266131737922
0.285292776148
0.345659914946
0.375866920788
0.345220925976
0.329967172995
0.37837828106
0.31762906884
0.384588224552
0.265559747083
0.274074366922
0.324530751091
0.327739277928
0.26248257736
0.254138890346
0.252815250292
0.361664392115
0.350653969445
0.266497016778
0.376283163225
0.275239932274
0.324996361925
0.388102451619
0.372467740633
0.216422736555
0.318896007876
0.393040713004
0.290475483131
0.372876484381
0.3074270042
0.31740653563
0.305286339975
0.332876508834
0.371551335585
0.390219576678
0.360417604235
0.278169215221
0.305286339975
0.316814635331
0.278854079928
0.312660406158
0.341491152153
0.321764864008
0.305904745795
0.245286913115
0.307357482037
0.308333662788
0.390555972864
0.323065078576
0.350563524779
0.326088000376
0.332388062012
0.331011881532
0.29495112534
0.00170183798502
0.358610761364
0.335505994956
0.377013810144
0.247115415558
0.00068073519401
0.386117836809
0.271609669378
0.289177613951
0.384153415932
0.295207381748
0.375037192486
0.301895776448
0.3523813289
0.00068073519401
0.363502215985
0.354865479261
0.326088000376
0.320399525122
0.393609842331
0.314979092832
0.309527393662
0.32199355261
0.33600365527
0.386557106248
0.351742956928
0.264783710417
0.363113755161
0.386337346665
0.35119761901
0.319645998487
0.370942899991
0.355422276561
0.355143659673
0.389102429307
0.372467740633
0.389436901309
0.353389179815
0.314760256037
0.309668440549
0.270797924999
0.336419501378
0.26999101819
0.340294137599
0.384588224552
0.262533279036
0.356541129478
0.334515083822
0.271772602593
0.29041341572
0.303581591594
0.36634360797
0.323295619783
0.340208957589
0.354495249235
0.337589365516
0.308613711528
0.34183470462
0.332388062012
0.243223834211
0.324763389622
0.262279966339
0.382962746004
0.331901046537
0.385570151934
0.213465491687
0.268922593108
0.28209522324
0.294567573812
0.346011910786
0.280003046059
0.274794740309
0.196690996464
0.343042601103
0.329727022215
0.374314179446
0.355980823879
0.310517428734
0.262279966339
0.32491866736
0.248379895023
0.312876331853
0.327818327441
0.351560989542
0.324841009935
0.272754321808
0.333121270973
0.252815250292
0.320929111114
0.312948373375
0.395557271702
0.299302969735
0.372569842535
0.345220925976
0.289917829686
0.204565741356
0.307218532
0.321004909204
0.405228021935
0.332713533799
0.360417604235
0.328769904588
0.292980121916
0.419356613875
0.318821202338
0.282505671496
0.274572683953
0.326715092685
0.321460450702
0.373593948754
0.311442434823
0.333039643609
0.374726988025
0.370336453833
0.346011910786
0.265248787191
0.343649756149
0.351925112783
0.280118463637
0.290351374828
0.36408646814
0.330368202618
0.355329355704
0.299302969735
0.357855393778
0.355980823879
0.392813521841
0.267020586556
0.212897052877
0.347249561975
0.293994113253
0.297925205079
0.311799675515
0.32070193147
0.305423547319
0.351288391204
0.29412135589
0.324763389622
0.262888739955
0.350473126758
0.456238598714
0.340379360273
0.293930533211
0.280003046059
0.266549281343
0.312372968414
0.325385392762
0.308543651661
0.313960449427
0.257411891206
0.360896119376
0.324763389622
0.246175472843
0.319195581392
0.223138201538
0.283330161678
0.2591296064
0.316077857109
0.00068073519401
0.265456012806
0.294185018521
0.354033546645
0.339359497021
0.383394861937
0.359559467082
0.336086742228
0.344958067403
0.312372968414
0.248925784903
0.301226681199
0.23794376498
0.387549126196
0.290289360438
0.226484716809
0.325307512103
0.364770473851
0.270366975446
0.37349128485
0.366937037141
0.381565071749
0.301560857681
0.308964488649
0.368528954872
0.320777622272
0.23530726897
0.315344497812
0.312014413583
0.266340345986
0.357572950689
0.281802775361
0.368429055454
0.342006740203
0.31403299112
0.231027500522
0.292664682508
0.313598243094
0.353665049588
0.224613251623
0.295849975091
0.33525771721
0.383070683644
0.00068073519401
0.350744460792
0.34295603976
0.334762262455
0.00068073519401
0.370740530706
0.327818327441
0.32805570494
0.250948077099
0.377223087862
0.405954237028
0.305286339975
0.25333360402
0.312372968414
0.375659144712
0.420915077599
0.357572950689
0.324763389622
0.28145263731
0.24586374558
0.36176065626
0.349033072822
0.361183838844
0.253144866003
0.378062527279
0.286435149751
0.373388677354
0.323218736164
0.330689728849
0.337505534037
0.312372968414
0.313020448081
0.388657359328
0.37617901621
0.283744214106
0.362726123717
0.304125035929
0.309527393662
0.326322877687
0.308123959548
0.335920609384
0.34114828955
0.272371700515
0.251226392896
0.327265780296
0.264886919815
0.375555342793
0.329967172995
0.325229668717
0.285953037149
0.328372743554
0.19460692806
0.251226392896
0.354495249235
0.340806114736
0.276978762089
0.366244889671
0.380177562397
0.340720678257
0.00068073519401
0.382316395378
0.292853864591
0.376387367923
0.296301457503
0.297990525229
0.361664392115
0.360035704786
0.30618039774
0.341576975514
0.356821944229
0.30826373
0.309668440549
0.257509432658
0.325775356081
0.217114182998
0.375451598223
0.365162489406
0.169891848196
0.00068073519401
0.347338304515
0.379117094998
0.326322877687
0.316888502114
0.315930912498
0.378800107461
0.346718057543
0.291472182194
0.311014825073
0.35588761078
0.490131549069
0.312660406158
0.279657363286
0.00068073519401
0.343129206152
0.324530751091
0.323141889103
0.447083811042
0.360896119376
0.282388278739
0.371652935622
0.312086058684
0.252299013471
0.335175039598
0.346895044811
0.317703315935
0.28197817128
0.324763389622
0.3524727141
0.000907646925346
0.00068073519401
0.276640501846
0.382101429735
0.342178949035
0.258292433593
0.37858907676
0.335092402754
0.263194187755
0.335754640704
0.287161374513
0.000907646925346
0.274184947664
0.248607057905
0.272317127944
0.365752095148
0.413362161061
0.287708464346
0.314541723112
0.292601676118
0.312516621193
0.234778853959
0.287161374513
0.260370648576
0.26999101819
0.289670670411
0.338261519554
0.287343506463
0.309386475203
0.401516923358
0.244712780981
0.255140751937
0.354495249235
0.357384902858
0.35119761901
0.353205505605
0.236248007226
0.208680298721
0.366739013915
0.201174479806
0.3458358233
0.370639428843
0.360513205721
0.392133521514
0.24291953272
0.308683803218
0.233207753186
0.25333360402
0.380923426449
0.381457980794
0.310446501957
0.331011881532
0.376283163225
0.309527393662
0.415256579764
0.336253039478
0.356915647471
0.280639022418
0.257509432658
0.300427671434
0.000907646925346
0.37597089504
0.308473623597
0.347160864768
0.34114828955
0.315271349007
0.292853864591
0.325385392762
0.371348302068
0.391230508223
0.299500834193
0.343823623974
0.262837900903
0.260720273464
0.324841009935
0.271772602593
0.364477014097
0.32214619236
0.345484185452
0.326088000376
0.257802501056
0.288196519417
0.313670617486
0.291035285989
0.402110883304
0.325229668717
0.332713533799
0.00068073519401
0.339953673229
0.354865479261
0.29617232198
0.361087881394
0.378800107461
0.344171887964
0.327265780296
0.234293188341
0.291973101089
0.264577532717
0.290848445446
0.220067160876
0.00170183798502
0.273632934481
0.317036339064
0.38199403754
0.345923844634
0.274019109994
0.295592602342
0.259080210745
0.325853460937
0.36467260144
0.272590209701
0.371145490325
0.291472182194
0.00170183798502
0.28197817128
0.299302969735
0.323912008
0.309386475203
0.323526490257
0.312229447638
0.266340345986
0.335505994956
0.234091420181
0.320324012625
0.322528425621
0.338682976718
0.357949640655
0.357009399939
0.338261519554
0.373902279386
0.243922251538
0.00068073519401
0.321156612847
0.00068073519401
0.283153080327
0.324763389622
0.314323493425
0.299632889235
0.301226681199
0.252909338587
0.295849975091
0.219179936392
0.251226392896
0.331658073589
0.304602148267
0.295914388323
0.30631841009
0.314105566344
0.259080210745
0.309527393662
0.312372968414
0.362242746687
0.318149528457
0.352107457401
0.357384902858
0.305286339975
0.271663958738
0.307010342347
0.368929094888
0.310517428734
0.356541129478
0.291659825229
0.347960774595
0.309527393662
0.370538382107
0.237113535514
0.347072212862
0.338093230241
0.319570840717
0.270582278632
0.355143659673
0.411111550384
0.234212439354
0.258047234777
0.322528425621
0.285053436571
0.40937794746
0.380603412369
0.40045220553
0.367333725829
0.2688162155
0.233688924616
0.00068073519401
0.241581014143
0.314614533696
0.338598601288
0.314250817472
0.347160864768
0.277261278166
0.348585479756
0.319045724312
0.339868663558
0.291347220915
0.310659379558
0.320550656974
0.367036128968
0.251226392896
0.389883759486
0.290972979141
0.2993688955
0.363794107486
0.371754591239
0.371449791082
0.324763389622
0.318447700461
0.374520469983
0.289917829686
0.291534703039
0.282740750066
0.319045724312
0.284635557187
0.383178682145
0.349122729404
0.387328237552
0.283625789977
0.317777597748
0.400216367953
0.378905711059
0.308473623597
0.314105566344
0.297338609838
0.00141819832085
0.324763389622
0.323757690702
0.368929094888
0.350744460792
0.31519823413
0.263449270318
0.37349128485
0.349481816809
0.314614533696
0.324453278961
0.257802501056
0.282036685115
0.281510933216
0.320550656974
0.334515083822
0.289054611988
0.253050602415
0.295335677003
0.385460801352
0.324763389622
0.386227560548
0.275239932274
0.163318287139
0.352838729379
0.34751592574
0.258292433593
0.291973101089
0.309527393662
0.00068073519401
0.340720678257
0.324763389622
0.363307881734
0.340379360273
0.348674906508
0.370033973746
0.265352359541
0.293549629712
0.379858799768
0.00068073519401
0.292727716039
0.212364810245
0.311656680937
0.30826373
0.342523887492
0.309950920312
0.353573045153
0.364966376361
0.328531492765
0.404865887867
0.340891594073
0.330448525545
0.27765777029
0.00068073519401
0.367036128968
0.335423194859
0.375347910955
0.312516621193
0.305629589739
0.283803463263
0.31792626563
0.354310423767
0.33944425214
0.236083860616
0.311585232822
0.363502215985
0.350925583674
0.360226553291
0.333775733195
0.321612585321
0.338682976718
0.274517225928
0.317480678713
0.316519512242
0.266915708085
0.280812972225
0.366244889671
0.310517428734
0.266340345986
0.274406377058
0.352838729379
0.270474584193
0.35119761901
0.282446962919
0.324143759973
0.327502357968
0.313598243094
0.293232963445
0.358610761364
0.378694562711
0.00068073519401
0.333611876674
0.303717270518
0.357667048834
0.00068073519401
0.266340345986
0.310730403651
0.20630461226
0.309527393662
0.28209522324
0.270474584193
0.368929094888
0.348406763796
0.337925108296
0.312372968414
0.334268269938
0.399863131971
0.291973101089
0.275686569081
0.262279966339
0.275463069633
0.297078641654
0.303853070773
0.388213306361
0.300826645765
0.30618039774
0.332795001363
0.315930912498
0.329168027505
0.337757153471
0.290227372532
0.318149528457
0.35119761901
0.273357760573
0.290475483131
0.324763389622
0.386337346665
0.318821202338
0.324763389622
0.326009783058
0.349931716161
0.322834865931
0.311799675515
0.305904745795
0.1958407472
0.354402812404
0.330850726769
0.376595950559
0.310233915902
0.286374796791
0.316151380686
0.313960449427
0.339613889447
0.30337830035
0.348674906508
0.273632934481
0.312372968414
0.375244280941
0.324996361925
0.297403672991
0.254186419594
0.246801304806
0.349571704107
0.351925112783
0.341920700772
0.270152014623
0.379858799768
0.300893244536
0.355422276561
0.342351331377
0.295528329108
0.390555972864
0.398924210616
0.280349584482
0.273908662952
0.322681573022
0.311086011803
0.358138283417
0.344608211351
0.381030217429
0.356634685271
0.326322877687
0.354680267633
0.322298976896
0.387991660168
0.343997667823
0.284814498233
0.36634360797
0.39383795583
0.332388062012
0.34408475584
0.375037192486
0.36486839881
0.277601059144
0.262229362448
0.320929111114
0.00212729748128
0.272535549542
0.462448038642
0.285173056141
0.328690395543
0.270098327816
0.369530936805
0.268021058089
0.30618039774
0.326636574277
0.00068073519401
0.321080743106
0.297859913559
0.379011373555
0.307775087312
0.361568179188
0.251691626957
0.32047507323
0.354495249235
0.283330161678
0.301293457231
0.336336249831
0.00068073519401
0.327739277928
0.343997667823
0.00068073519401
0.365949053734
0.329168027505
0.34183470462
0.360896119376
0.248607057905
0.308473623597
0.384914977505
0.257363148186
0.397873180787
0.272426294963
0.283271109956
0.309527393662
0.318000651747
0.245021594658
0.378694562711
0.00068073519401
0.39880715539
0.38666707982
0.37493373395
0.306663985913
0.334515083822
0.19806685887
0.331334662498
0.284100080595
0.231855132304
0.375451598223
0.317851914305
0.277035219235
0.284754826224
0.277374446034
0.377642341086
0.342178949035
0.2688162155
0.279657363286
0.349481816809
0.360991974919
0.332713533799
0.379434613503
0.318821202338
0.341576975514
0.298842301136
0.343997667823
0.362339319
0.305904745795
0.353757101918
0.263143230507
0.324763389622
0.340379360273
0.288074350481
0.318671696499
0.320097688546
0.345396387692
0.257998250867
0.262888739955
0.390107573355
0.272863839705
0.396249208621
0.274074366922
0.384044867355
0.236783063688
==== eigenvector ===
0.00825077718658
0.00132231389257
0.00644022209942
0.00252359514248
0.0429599385508
0.0419573774286
0.00863604431954
0.0014169663528
0.00339364752593
0.00496776201528
0.000455205742294
0.00036732662884
0.000303000745373
0.0188908088423
0.0179836891752
0.00206533253663
0.00559958419902
0.00221223090393
0.0098495052949
0.000303803225869
0.0129697476033
0.0310088744758
0.0109717999524
0.0126073212992
4.41902061057e-55
0.0471347782188
0.000903889107134
0.023771989206
0.0101582775769
0.0319775472273
0.0235246384046
0.00414730618372
0.00881192729584
0.001401400713
0.00109201296302
0.0065552284741
0.0165744144032
0.0200799937136
0.0104946573065
0.00681244065717
0.0287267319793
0.000491478243345
6.58042563091e-05
0.0130634118419
0.00191333673127
0.025259251831
0.000181022547799
0.0195358731259
0.0470937187303
0.00368968592884
0.0243533234464
0.00185329973462
0.0825172288632
0.00808653267336
0.0151912727936
0.0214782582032
7.64648887678e-05
0.00137699634087
0.0210641133632
5.79209869469e-50
0.000234564497424
0.0434587351277
0.0544771435855
0.00954173723819
0.00140029707843
0.0504413828185
0.0265321009016
0.0221174705075
0.00825771128573
0.000999819443762
0.00105486920331
0.0100072725634
0.000668925115438
0.0241164484387
0.0140772032586
0.0606520119519
0.0017733350408
0.0214259976525
0.00402152066013
0.0174686648708
0.0218649301825
0.0214025796271
0.0173098394307
0.00105284142483
0.0214258501916
0.00644022209942
0.00289299531889
0.000306042636255
0.00785232487362
0.0331915720764
0.0327530141177
0.00235358005531
4.41902061057e-55
0.00802803515001
0.03591255578
0.0546509459145
0.0367021939442
0.016601333467
0.00390690578917
0.00213372271178
0.0125868877044
0.00217620036192
0.0397906871719
0.055703929441
0.0164036452763
0.0149205421302
0.0211139558188
0.00390690578917
0.023414741366
0.0374597521467
4.41902061057e-55
0.0187567849223
0.0189352433997
0.00305758955831
0.0217147724939
0.000558700198646
0.0151193350716
0.00935979003816
0.0132058500471
0.0134288948363
0.000572606921482
0.0103784779373
0.0151912727936
0.00151168903546
0.00130126164858
0.00823568585114
0.00151181934104
0.024779869946
4.41902061057e-55
0.0349229328016
0.0275240723593
0.0391343067065
4.41902061057e-55
0.00615135064645
0.00793494116823
0.0678191071681
0.0266143486783
0.0282314026529
0.00759119866167
0.00159329841841
3.65596112634e-05
0.00385192634227
0.0277100902022
0.00875186190669
0.0130673647052
0.022450640303
0.00692107646076
0.0176166052109
0.06156702932
0.0128152356625
3.03467892459e-05
0.000803790630506
0.0137803175132
0.0060235217615
0.0207621863434
0.0230378019637
0.0109038119135
0.000419509244471
0.0131883671861
0.0358812323778
0.0301764663345
0.00834276292156
4.41902061057e-55
0.0194548589456
0.0109079759308
0.0155500639719
0.0011803705618
0.00277352035611
0.000302769985241
0.0692945810173
0.00149883883525
0.0491028515326
4.41902061057e-55
0.00400713586939
0.0234025036991
0.000908647783739
4.41902061057e-55
0.00170664896205
0.00368356595127
0.0470648181474
0.00395615166345
0.00382066326204
0.000720737361659
0.000762292211988
0.0303282196346
0.0134888421402
0.0428021779176
0.015515082315
0.00466347960894
0.010314932716
0.00237856288572
0.0516161146817
0.0301792648511
0.0278092693368
0.00305307185203
0.00210421644028
0.0118707897278
0.0414081607976
0.0135198543324
0.0331032702676
0.222714355228
0.00162490149158
0.0366042805267
0.00280287106209
0.00809524430804
0.0189713887528
0.000536258941323
0.019681800763
0.00265367972327
0.00257105772328
0.0143800887815
0.0189246838186
0.00752552442471
0.0161886800251
0.000745075663071
0.0131868222742
0.0173991910867
0.0243894379578
0.00600697574101
0.00681761588226
0.0011286123717
0.0261766962047
0.0129954505735
0.00227758223639
0.00549450963937
0.0306538400249
0.023525670765
4.41902061057e-55
0.00688387363
0.0274089619434
0.0221777241392
0.0308771499991
0.030235072424
0.00108145800601
0.00314546908975
0.0153736550297
2.15182316511e-05
0.000837812235001
0.0180596494889
0.0179509661642
0.000672162267691
0.00863604431954
4.41902061057e-55
0.00936539298308
0.0264652385418
0.000841530684494
0.0265006487571
0.0283394462002
9.23811880283e-06
0.00638919743651
0.0189197664711
0.0304243870743
0.013174673886
0.00238722078623
0.00410512610386
0.00118232753124
0.0138112353608
0.0122481668332
0.00129703593612
0.000955351601645
0.0254623505378
0.0226993083649
0.00639478838042
0.00106771120441
0.0321305411883
4.41902061057e-55
0.0269422120407
0.00566819647928
0.0242266313366
0.0065552284741
0.0004983526001
0.0114640773103
0.0185394371847
0.00549450963937
0.00863604431954
0.0138369506399
0.00221223090393
0.00078090825724
0.0286032031181
0.0149826197076
4.41902061057e-55
0.0244375610654
0.033984284421
5.79209869469e-50
0.0138932456749
0.000978141685268
0.00194112637727
0.0547759438108
0.00644022209942
0.00019100883902
0.00443947901758
0.00246585732446
0.0293354823399
0.00232577780508
0.00320134248904
0.0599693919771
0.00936026463576
0.00238465511476
4.41902061057e-55
6.63533092286e-05
0.00153960799393
0.0560405737489
0.0148040565322
0.000576959948773
0.1765255394
0.0065552284741
0.0169839867745
0.0118581525531
0.00272562447329
0.00196617034903
0.00332809524898
0.016963974011
0.000639916597313
0.000428246321207
0.0474763578073
0.00457871835806
0.00187446876204
0.0306988315561
0.00934086487501
0.000335492642898
0.0327326628168
0.0372007078794
5.79209869469e-50
0.0113923652875
0.0257167374152
0.00125895537722
0.0351526211452
0.0254401204973
0.00858301443249
4.41902061057e-55
0.00644022209942
0.00896117407294
0.00220359565388
0.00198456485633
0.00271415684127
0.0101325456066
0.0045266772899
7.21040812382e-05
0.000117191434261
0.0151912727936
0.00260325395768
0.00106771120441
0.0243559332101
4.41902061057e-55
0.00712953738198
0.00332047807511
0.0083650160714
0.0408221656119
0.0659287239987
0.0159603323676
0.0183782626578
0.00549450963937
0.00700552751824
0.0274774215381
4.41902061057e-55
0.110629133451
0.000390979742647
0.00458987676318
0.0141676526494
0.0851868092038
0.000615336726437
0.00784992503512
0.0216057249606
0.000700354625817
0.0242121273703
0.00119979571433
0.0221905577975
0.0146604225972
4.41902061057e-55
0.00623313645257
0.044465117227
0.0113717709698
0.0254953913003
0.0142151254659
0.00727738870321
4.41902061057e-55
0.0145703225177
0.0171245600939
0.0426873080584
0.00701234895487
0.0254644007067
0.0174499039129
0.0151513682223
0.00499892731486
0.0169023563627
0.0281073138364
0.0275681695662
0.000322295393876
0.000315283652459
0.000288621750485
0.0408344966705
0.0132380547955
0.0407505568125
0.00116676467059
0.00110248136181
0.000342131387481
0.00851158546867
0.0141305539589
0.000601216741689
0.0379571933203
2.4592663163e-05
0.0164532300124
0.0486261297018
0.00130225343553
0.00161257964193
0.000289347423078
0.0119113890878
0.0177996604216
0.0238216009874
0.00878135074031
0.00323500990689
0.0557422060468
7.24336664203e-05
0.000177852967847
0.00811290292759
0.0171377248778
0.00990188255613
0.00131919626372
0.0110598718004
0.0113044257695
0.00401166048458
3.60554911393e-05
0.0171105340485
4.80258979177e-05
0.000284147200702
0.0167546108259
0.0065552284741
0.00618740780927
0.0354168440938
0.000388763969587
4.41902061057e-55
0.013779219648
0.00670440758076
0.00932092572754
0.0395779447278
0.0118552056928
0.00404933739573
0.0265322678958
0.0261805596169
0.0131003679051
0.00846652051138
0.00875206753491
0.0130626570765
0.00849569925162
4.41902061057e-55
0.0310917380969
0.0444088104588
0.0236524008241
0.00165502220862
0.0233884420303
0.0323759843623
0.00246063909893
0.000198503125827
0.0324224389578
0.0150717154602
0.0107529392888
0.0272983513665
0.00143393355574
0.0159266457987
0.00644022209942
0.00814592508897
0.0066581841195
0.00703218737733
0.0152028518442
0.00211944978079
0.00103342970274
0.0103471278886
2.01993206837e-05
0.0155327286215
0.0177032202375
0.00261728771457
3.13206645948e-44
0.0191952191793
0.00455330979758
0.0145858286074
0.0205747837115
0.00390690578917
0.0380756296391
0.000593151972691
0.00589311786092
0.0289236783865
0.0329511810338
0.00666057014243
0.0149484911923
0.043477213678
0.0174586080324
0.00256152430773
0.011196509507
0.00490088557912
0.00153843538061
0.033007261709
0.0478476384877
0.0012189189825
0.00557075991952
0.0106493243312
0.00863604431954
0.00102616220424
0.000663883456279
0.0010750877995
0.00581367533889
0.0232576588749
0.0447833941847
0.0145889378338
0.00916167402253
0.0118938406183
0.0065552284741
0.000732318759969
0.052127916621
0.00968240447415
0.0534993680847
0.0366082976869
0.061079406478
0.0117919708008
0.029101431644
0.000268180895834
5.52999995004e-05
0.0013918865319
0.000527237799
0.0284018860852
0.0366169212185
0.0190270137312
0.026500876735
0.0108304637388
0.00624091941247
4.41902061057e-55
0.0019985168089
0.00915364400599
0.0142193196442
0.0283786621057
0.0147458275943
0.0399579767291
0.000273402181978
0.0088482130712
0.0277611255175
0.0183583424572
0.0136940502198
0.00165136518019
0.097718801917
0.0155391952428
0.0102964195067
0.00458534412113
0.00942063705689
0.00154661466704
0.00601270744124
0.00116226995975
4.41902061057e-55
0.0493796472794
0.000462367614676
0.0298829896831
0.00328899013091
0.0497242591068
0.0364603434828
0.00153843538061
0.00644022209942
0.0209061973349
0.000743686296269
0.0119080349961
0.0196544519806
0.00191233222873
0.000198503125827
0.0182554192258
0.00335793950007
0.00999872581474
0.00240430590739
0.00289891714318
0.000179011324995
0.000397850672033
0.0322587778478
0.00719272078955
0.00901318610928
0.000581705405505
0.0513471932994
0.013987120306
0.0268918855037
0.00644022209942
0.0105089724983
0.0276247434828
0.0314987384525
0.00292375934154
0.0132468576785
0.0065552284741
0.00309403315585
0.0237706523826
0.0617925397919
0.00237646400659
0.00849933572786
0.00245132427297
4.91254316886e-06
2.36985049751e-05
0.0194319988281
0.0333437214093
0.0178808137424
0.00673611896041
0.00837985080371
0.00167313189293
0.0242192163782
0.0204112456197
0.00169399698657
0.0011934155497
0.0151846076049
0.00480418162624
0.0194651495674
0.0420903984711
0.0171246807911
0.0507815030311
0.0232130410481
0.006334176477
0.00277098187576
0.0207497191638
0.00892513692749
0.000399401713263
0.0505088327407
0.0258824495261
0.00549450963937
0.000858619361628
0.00312966055424
0.0154077243802
0.0301127700553
0.0172837496312
0.0147790005551
0.0339363476228
0.00699892229806
0.0371854427132
0.00141820160624
0.00101206004527
0.0109015707802
0.0151447456791
0.00115474873446
0.000614254285885
0.00130088360744
0.0227673586568
0.0185758820032
0.00102002924792
0.0306022981753
0.00116150228388
0.011008167206
0.0335654270836
0.03206529
3.59405913699e-05
0.00717771046178
0.0471538390727
0.00424678931337
0.0270007532584
0.00625508069468
0.00647265132464
0.00549450963937
0.0103283858836
0.0271660804831
0.0433392189809
0.0270268462101
0.00136596744513
0.00549450963937
0.00718233409463
0.00158157407557
0.0072416899544
0.0184935720885
0.0079089872552
0.00556575313209
0.000259955951341
0.00535848864193
0.00536495299789
0.0418288659688
0.0103518206694
0.0151781550025
0.0118001875664
0.010484965604
0.0113179727917
0.00258046509585
2.40414877955e-44
0.0213024219349
0.0132433477895
0.0345512280967
0.000548687291767
4.41902061057e-55
0.0430712277858
0.00094107731915
0.00224342754506
0.0682686334934
0.00277515900428
0.0329277894652
0.00463889457803
0.0269604964075
4.41902061057e-55
0.020916892413
0.0260802067112
0.00868967449248
0.00738187783632
0.0762446740576
0.00788265294655
0.00630681458723
0.00748695111538
0.0104549455423
0.0389066375091
0.0179984316996
0.00171519661527
0.0271611186633
0.0443169821178
0.0201642778931
0.00881046909366
0.0257221239102
0.0220094128518
0.0232018690032
0.0357454090041
0.0294362491466
0.047000327623
0.0151477731028
0.00788266404169
0.00656022499244
0.000916609445633
0.0176388044335
0.00089468779714
0.0167020295635
0.0441395664811
0.000639916597313
0.0264955935198
0.0101744797002
0.000947376826382
0.00336340281128
0.0063304098029
0.0227156392933
0.00876581104044
0.0142632414799
0.0216314948931
0.0160012638349
0.00610953849267
0.0163686159907
0.0110611825823
0.000262308463892
0.00863604431954
0.000841530684494
0.0408977644682
0.0104621342633
0.043176952888
3.64928527632e-05
0.000732167560774
0.00174014192494
0.00258147528264
0.0139255717988
0.00240127304266
0.00121809314855
1.51524315498e-05
0.0252068215855
0.00991698588415
0.0312508844887
0.0201953046316
0.00666795279734
0.000841530684494
0.00864262685174
0.000415939132828
0.00740290260827
0.00927614575585
0.0222856335025
0.00908225630126
0.000891039553347
0.0117750200254
0.00130088360744
0.0119388854576
0.007358406911
0.0393577817981
0.00487186710912
0.0352217570516
0.0162385061022
0.00331468512764
1.60552725621e-05
0.00866541341722
0.0082958345379
0.113313722949
0.0127018940791
0.0198018970816
0.0108201050624
0.00240857221857
0.113977170077
0.00941367885743
0.00176376414128
0.00188406173404
0.0104458976807
0.00882772249964
0.0301898653401
0.00571711085767
0.009502861085
0.0353189844013
0.0291846038124
0.0200631399028
0.000779638855627
0.0159845711093
0.0214870311592
0.00142435657798
0.0026124536417
0.0263972182768
0.0114250569983
0.0212229320239
0.00487186710912
0.0181562237815
0.0206915854419
0.0443377204346
0.000877382693562
2.97584490472e-05
0.0165691880443
0.00392551406727
0.00463101060135
0.00560956078566
0.0116779346073
0.0054986976032
0.0217854233444
0.00262454762793
0.00863604431954
0.000628268363799
0.0180134915213
0.23751104806
0.0151912727936
0.00389918943568
0.001531272158
0.000805385204045
0.00644022209942
0.00882932358059
0.0081563685607
0.0073935850895
0.000612849342513
0.0233652819352
0.00863604431954
0.000425296821018
0.0106926018169
5.06462143173e-05
0.00169752299396
0.000539097674472
0.00701753023451
4.41902061057e-55
0.000775183443922
0.00397828549997
0.0207950561921
0.0117815134093
0.037190121078
0.0196137740002
0.0112306215799
0.0178673176826
0.00644022209942
0.000408995957148
0.00648603305815
0.000193650705049
0.0410206923875
0.00312155855298
0.000115126343478
0.00982980573053
0.0246943842265
0.00109953957313
0.0324204975016
0.0271600272613
0.0363360868931
0.00874191095345
0.00664203477187
0.0369609636105
0.0113918695738
0.000157764922515
0.00750654162967
0.00804551559397
0.00153843538061
0.0224866344937
0.00222400535668
0.0268126051191
0.0155184207939
0.00715361581882
0.000116540307429
0.00215677299968
0.00620690560155
0.0222975964611
6.64735482639e-05
0.00406623584357
0.0115420553328
0.039445420854
4.41902061057e-55
0.0229576515745
0.0164136218911
0.0142087623647
4.41902061057e-55
0.0293457602519
0.00946806657608
0.0128545082701
0.000522560639338
0.0593049352793
0.061694662316
0.00549450963937
0.000937778964194
0.00644022209942
0.0364494024629
0.141560650807
0.0223799540583
0.00863604431954
0.00211539532938
0.000267100406861
0.024580731813
0.0155892207108
0.0216418109716
0.0374498829686
0.0022842926726
0.0283808629322
0.0148757418687
0.0133860314818
0.0125376688639
0.00644022209942
0.00654856328538
0.047859301227
0.032324598681
0.0016025965714
0.0281117987513
0.00540774046623
0.0065552284741
0.0106979568983
0.00749253238972
0.0141798950009
0.0144484605606
0.00130645190541
0.000347892998441
0.00948318155763
0.00100093025252
0.0328082504406
0.0106848424395
0.00863327387333
0.00205732229838
0.0090711829859
2.21801958796e-05
0.000342934164439
0.0216314948931
0.0131972050942
0.00131141105198
0.027002558526
0.0318272931561
0.0203050446103
4.41902061057e-55
0.0395715625198
0.00390690578917
0.0335489323769
0.00392637734699
0.00377096660923
0.0240582837459
0.0195399076237
0.00567352096437
0.0148538051252
0.0198774578535
0.00637331727369
0.00656022499244
0.000615028853295
0.0101047003024
4.47557983745e-05
0.00863604431954
0.0267108317411
4.5207898668e-07
4.41902061057e-55
0.0196503150227
0.0391895610387
0.0166809951263
0.00619652663182
0.00786781917217
0.0307571565043
0.0158452075858
0.00342941756755
0.00718224281729
0.0190473570213
0.312906197874
0.00644513464259
0.00123580594884
4.41902061057e-55
0.0144737803721
0.00869496931258
0.00937811918255
0.199084424056
0.0302818532952
0.00217682751635
0.0382242691818
0.00547077327489
0.00078090825724
0.0110208067383
0.0238557880952
0.0102868220039
0.00162490149158
0.00863604431954
0.0183367418834
5.79209869469e-50
4.41902061057e-55
0.00139967053621
0.0337220996978
0.0140157462132
0.000789369060568
0.0357770000977
0.013883031546
0.000702699372054
0.0148206698944
0.00322930276187
5.79209869469e-50
0.00102626052856
0.000357919059012
0.00168099641939
0.0303608107313
0.0744120558804
0.00286388320752
0.00700211553369
0.00261254381057
0.00644513089811
0.000212563878614
0.0024921408915
0.00070284144007
0.000981308250526
0.00200366768375
0.013571637975
0.00307620546828
0.00596852796408
0.061514175677
0.000276153502673
0.000499482911678
0.0230284990721
0.0255588097585
0.021507238502
0.0184128840277
0.000209094470898
4.24850424943e-05
0.0277763107073
1.07296995507e-05
0.0164441038376
0.0283437632258
0.0304930391587
0.0520707577097
0.000238486696672
0.00535478811541
0.000166240889994
0.000937778964194
0.0359884940417
0.039418183392
0.00639839874651
0.0117851101543
0.0286416927284
0.0065552284741
0.0781479114382
0.0141201078428
0.0287887465099
0.00224780986545
0.000615028853295
0.00478214094763
5.79209869469e-50
0.037123366897
0.00614666560496
0.0180997622217
0.0281684916123
0.0112599398554
0.00390690578917
0.00905064385518
0.0333385815974
0.0495676633314
0.00446604871512
0.0339786585703
0.000593559926973
0.000606898551047
0.00948991761239
0.000912118184551
0.0260146771898
0.00990755303842
0.0189225201409
0.0094546317115
0.000786485961123
0.00266917680551
0.00675834896434
0.00273815658927
0.0631503527899
0.00955075722781
0.00995638955398
4.41902061057e-55
0.0124271553141
0.0397535527598
0.00417150622609
0.0207264622724
0.037312694113
0.015076266419
0.0100701652396
0.000181022547799
0.00262648166115
0.0010186765304
0.00271234547304
8.63650978172e-05
2.40414877955e-44
0.00121366619679
0.00739841564615
0.0360989481495
0.0178882129767
0.000947209124431
0.00471008422607
0.00210406204434
0.00940266706615
0.0209781248617
0.00177034171402
0.0305340327053
0.00229373291728
2.40414877955e-44
0.00162490149158
0.00487186710912
0.0103829105061
0.00722313414811
0.00936888716002
0.00786892268739
0.00153843538061
0.0141165088868
0.000238311695781
0.0120831549998
0.00842235296783
0.014122392575
0.0187347616062
0.0236314626588
0.0135326130073
0.0323160298008
0.000258450090028
4.41902061057e-55
0.0103842469444
4.41902061057e-55
0.00234935580565
0.00863604431954
0.00700410823693
0.00423291621255
0.00428671703854
0.000695660398351
0.00329542454144
4.67890037924e-05
0.000342934164439
0.0106189713388
0.00632089282463
0.00356075104724
0.00448875577899
0.00798961132053
0.00132080255588
0.0065552284741
0.00644022209942
0.0267653238921
0.00803150179556
0.0284985630797
0.0198559726988
0.00549450963937
0.00103369925512
0.00473948872539
0.0357383756747
0.00713648564872
0.025521932377
0.00270467953347
0.015092138347
0.0065552284741
0.0260832176188
0.000200829045443
0.01707160953
0.0121466847582
0.0097586130234
0.000868001540836
0.0190823246441
0.0787754708818
0.000187650353784
0.000706886649522
0.00771996928094
0.00219449728813
0.067342970893
0.0483140743729
0.0479014423102
0.0312690227644
0.000910884380428
0.000169746720074
4.41902061057e-55
0.000331362527086
0.00962208938721
0.0145170557368
0.00642011911579
0.0201924651176
0.00129703593612
0.0173560658736
0.00752626699398
0.0107571478489
0.00405233319886
0.00745475922184
0.0105017459414
0.0246913345177
0.00042311373542
0.07272906548
0.00260628056848
0.00334643959917
0.0283901460701
0.030712028073
0.0233192964021
0.00863604431954
0.00763771439101
0.0327741093374
0.00356901630296
0.00265572977708
0.00143160989099
0.0103184931692
0.00188124477034
0.0388285301934
0.0208005541337
0.0729052522606
0.00174274461644
0.0074523306875
0.0627619950589
0.0315033794108
0.00614666560496
0.0078569519486
0.00289763311396
9.48313419687e-45
0.0351302615664
0.00998072705902
0.0288575788054
0.0217224606683
0.00712428019763
0.00073183679538
0.0354462025955
0.0179074064919
0.00727720020759
0.0108284568046
0.000786485961123
0.00207531119834
0.00238750040022
0.0185338839606
0.0153267343657
0.00250484752732
0.000365315448513
0.00505115680709
0.0477201783274
0.0154202555901
0.0429787896321
0.00116150228388
4.18215621674e-07
0.0159006367083
0.0152163542186
0.000789369060568
0.00273520301337
0.0065552284741
4.41902061057e-55
0.0157404065153
0.00863604431954
0.0220051523307
0.0151912727936
0.017124003312
0.0302331999518
0.000700354625817
0.00401385862588
0.0351796091761
4.41902061057e-55
0.004178358397
4.70970877857e-05
0.00621810483828
0.00571714602649
0.0120955651081
0.00642828041073
0.0224505487134
0.0272029963284
0.00933494486986
0.064298222375
0.0136629410602
0.010494555754
0.00150137088147
4.41902061057e-55
0.02445671767
0.0131201492387
0.0293429986234
0.00742517459704
0.00562854803833
0.00169532032036
0.00665520811297
0.0217395334142
0.0134650036782
0.00017798862342
0.00698081347225
0.0371723775943
0.0175336787926
0.0231953725496
0.010147733355
0.00757525772202
0.0108234552764
0.00131421595916
0.0104577959402
0.00844006556126
0.00156636728232
0.00209834358457
0.0270623097364
0.00770203486539
0.00176678458672
0.00168565296656
0.0255557975587
0.000892003279627
0.0200604406854
0.00274264220008
0.0108600415032
0.0123521713532
0.00610937697256
0.00235021256831
0.0235765657487
0.0336910484711
4.41902061057e-55
0.00998948558086
0.00433107456268
0.0229440012509
4.41902061057e-55
0.00153843538061
0.00643357183939
1.63833385015e-05
0.00679925559749
0.00187935593323
0.0012076796017
0.032596662685
0.0161197585013
0.013568057495
0.0280971157337
0.00644022209942
0.010664292594
0.0639128601188
0.00260521242383
0.00122293378126
0.000841530684494
0.00120695162231
0.00371861093191
0.00450276089695
0.0453357407494
0.00408021160138
0.00594172783493
0.0166902786387
0.00840951021743
0.0110867333608
0.0218415482853
0.00267233760558
0.00793396390273
0.0177471504039
0.00107819403636
0.00183510866139
0.00863604431954
0.0383071557129
0.0130628738863
0.00863604431954
0.00801008066216
0.0204445082886
0.010502817572
0.00598658619819
0.00479286903251
7.37152506273e-06
0.0191061270317
0.0120342985153
0.0361047019724
0.00582828717782
0.0020408156794
0.00671565411167
0.00766726913119
0.0128475860239
0.00485907909276
0.0140567613934
0.00109201296302
0.00644022209942
0.0340478173052
0.00860082187057
0.00369685041287
0.00042569677331
0.000334743194288
0.025218200075
0.0214650100811
0.0282958302922
0.000905382518757
0.0309926446345
0.00391166644152
0.0161385023194
0.0170147658997
0.00291139309633
0.0498272115909
0.080162162428
0.00162158383013
0.00102122774139
0.0156069905432
0.00662663408309
0.0221856447625
0.014455808339
0.0386916781392
0.0243576510576
0.0149407551077
0.0221196198456
0.00967232101728
0.0488110887592
0.0237608475972
0.00209501267288
0.0253789032255
0.0545244246884
0.0105510097526
0.0141577506167
0.0308077653669
0.0273906087384
0.00309297810811
0.000745862930462
0.00919973745699
3.13206645948e-44
0.00148878474812
0.233350280151
0.0031272769358
0.00923726106123
0.000969429675502
0.0317940017711
0.000955675809727
0.00562976305501
0.0104950454011
4.41902061057e-55
0.011187772259
0.00418349654766
0.031208372868
0.00552891948272
0.020685782433
0.000551689735998
0.00971378266298
0.0216314948931
0.00169752299396
0.00388856034323
0.012439402748
4.41902061057e-55
0.00905900724395
0.0202445788209
4.41902061057e-55
0.0375862839329
0.0104861177005
0.0133110589221
0.0243917309246
0.000357919059012
0.00614666560496
0.0451858471403
0.000601216741689
0.0865098516788
0.00142389317693
0.00158405343462
0.0065552284741
0.00737800106361
0.000629820522543
0.0343313881077
4.41902061057e-55
0.0588820176718
0.0424991289715
0.0620797778385
0.00456043659356
0.0129213655549
8.36277404994e-06
0.0113329845026
0.00176221815888
0.000151736606775
0.032886395564
0.00622302626124
0.00227739207718
0.00191884847867
0.00119979571433
0.0402904069678
0.0146627648486
0.000834356200725
0.00132468199091
0.0171535054919
0.0231893472166
0.0105201060536
0.0309083715357
0.00920122783636
0.0161703239606
0.00393488374049
0.012512351522
0.0242405083025
0.00537964404422
0.0188377663218
0.000521299546413
0.00863604431954
0.0128714198832
0.0020424714396
0.00845882490916
0.00851935269095
0.0167498209632
0.000533799074548
0.000663883456279
0.0417113890549
0.00101837247645
0.0638833837796
0.00107990111301
0.0493785608897
0.000197400114439
